FoamFile
{
    version     2.0;
    format      ascii;
    class       labelList;
    location    "constant/polyMesh";
    object      neighbour;
}

2448      
(
 1 3 5 9 11 15 17 20 22 24
 29 31 33 36 49 53 55 56 57 58
 60 62 62 63 65 69 72 73 77 78
 80 88 90 94 96 105 108 112 114 117
 118 120 123 124 126 128 129 131 132 132
 134 135 137 138 140 141 141 142 144 150
 154 154 156 162 163 163 175 177 180 180
 181 185 185 187 189 189 192 193 193 194
 195 198 199 201 202 204 204 208 208 210
 212 215 222 222 225 225 226 229 230 230
 231 232 235 235 236 237 240 240 241 242
 242 243 243 243 244 244 244 245 247 247
 249 251 251 252 253 253 254 255 255 255
 256 257 258 258 259 260 261 261 263 264
 265 265 268 270 270 271 271 277 277 278
 279 281 283 283 284 286 288 288 289 290
 290 291 292 292 293 294 297 297 300 301
 302 302 303 304 304 304 305 305 307 307
 308 309 310 310 311 311 312 313 314 316
 316 317 317 317 319 320 321 322 322 322
 323 323 325 328 329 329 331 331 334 334
 335 335 336 337 339 339 341 341 342 342
 344 346 347 347 348 349 350 350 350 351
 352 353 354 355 355 358 359 359 360 360
 361 361 362 365 366 366 367 367 371 371
 372 372 374 375 376 377 377 378 379 380
 381 382 382 382 384 385 385 386 387 387
 388 388 388 389 389 390 390 390 392 393
 393 394 394 394 395 395 396 397 397 398
 398 399 399 400 400 401 401 401 402 402
 403 403 404 404 405 405 406 406 407 407
 407 408 411 413 414 416 416 417 420 421
 421 422 423 424 424 424 425 426 427 427
 427 428 428 428 429 429 430 430 432 432
 432 433 433 434 434 435 435 436 436 437
 438 438 439 440 440 440 441 441 442 442
 443 443 443 444 444 444 445 445 446 447
 447 449 450 450 450 451 451 451 452 452
 454 455 456 456 457 457 458 458 459 459
 460 460 460 461 463 463 464 464 465 465
 465 466 467 467 469 470 471 472 472 472
 473 474 476 476 477 477 477 478 478 478
 479 479 482 482 482 483 484 484 485 485
 485 486 486 487 487 488 488 488 489 490
 490 491 492 493 493 494 494 496 496 497
 498 498 499 499 500 500 501 501 501 502
 502 503 504 506 506 507 509 509 510 511
 511 512 513 514 515 515 516 517 517 518
 518 518 519 519 519 520 520 520 521 521
 522 523 523 524 525 525 525 526 526 527
 527 528 528 528 530 531 531 532 532 533
 533 534 534 535 535 535 536 536 536 537
 537 539 539 540 540 541 542 542 542 543
 544 544 545 545 545 546 546 547 548 548
 549 549 549 550 550 551 552 552 552 553
 554 554 555 555 556 557 557 558 558 559
 559 559 560 560 561 561 562 562 562 563
 563 564 565 567 567 567 569 569 569 570
 570 571 571 571 572 572 572 573 574 575
 575 575 576 576 577 577 578 578 578 580
 580 580 581 581 581 583 583 583 584 585
 587 588 588 589 589 590 590 591 591 591
 592 592 592 593 594 595 596 596 597 598
 598 599 599 599 601 602 602 603 604 604
 606 607 607 608 608 613 613 614 614 615
 615 616 616 616 617 618 619 621 621 623
 626 627 628 633 634 634 634 635 635 635
 637 639 639 640 641 643 644 645 648 648
 648 651 653 654 654 655 656 656 656 657
 657 658 659 659 660 660 660 661 661 661
 662 662 663 663 663 664 664 666 666 666
 667 667 668 668 669 672 673 674 676 676
 677 677 678 679 680 681 681 681 682 682
 683 683 684 684 685 685 685 687 687 689
 689 689 691 692 692 692 693 693 694 695
 695 695 696 696 697 697 698 698 698 699
 699 700 700 701 701 701 702 702 703 703
 703 704 704 704 705 705 705 706 706 706
 707 707 707 708 708 708 709 709 709 710
 711 711 712 712 713 713 714 715 715 716
 716 716 717 717 718 718 718 719 720 720
 721 721 721 722 722 723 723 723 724 725
 725 726 726 727 727 727 728 728 728 729
 729 730 730 731 731 731 732 732 733 733
 733 734 734 735 735 735 736 736 737 737
 737 738 738 738 739 739 739 740 740 741
 741 741 742 742 743 743 743 744 744 744
 745 745 746 747 747 748 748 748 749 749
 749 750 750 750 751 751 751 752 752 753
 753 754 754 754 755 755 755 756 756 757
 757 757 758 758 758 759 759 760 760 761
 761 761 762 763 763 764 764 764 765 765
 766 766 766 767 767 767 768 768 768 769
 769 769 770 770 770 771 771 772 772 772
 773 773 773 774 774 774 775 775 775 776
 776 776 777 777 777 778 778 778 779 779
 779 780 780 781 781 781 782 782 782 783
 783 783 784 784 784 785 785 785 786 786
 787 787 787 788 788 788 789 789 790 790
 791 791 792 792 792 793 794 794 794 795
 795 795 796 796 797 797 798 798 799 800
 800 800 802 802 802 803 803 804 804 805
 805 807 808 809 809 810 810 811 812 812
 812 813 813 813 814 814 814 815 816 816
 817 818 819 819 819 820 820 821 822 823
 824 824 825 825 826 827 827 828 828 829
 829 829 830 830 831 831 832 832 832 833
 834 834 835 835 835 836 836 837 837 837
 838 838 839 840 841 841 841 842 842 842
 843 843 843 844 844 844 845 845 846 846
 847 847 847 848 848 848 849 849 851 851
 851 852 852 853 853 853 854 855 855 855
 856 856 857 858 858 859 859 859 860 860
 860 861 861 861 862 862 863 863 863 864
 864 865 865 865 866 866 867 867 867 868
 868 869 869 869 870 871 871 872 872 873
 873 873 874 874 874 875 876 878 878 879
 879 880 880 880 881 882 883 883 886 886
 886 888 888 888 890 890 890 891 891 891
 892 892 892 893 893 894 895 895 896 896
 897 899 899 899 900 900 900 902 902 903
 904 904 904 905 905 905 906 906 906 907
 907 907 908 908 908 909 909 909 910 910
 910 912 912 913 913 913 914 914 914 915
 916 916 917 917 917 918 918 919 920 920
 920 921 921 922 922 922 923 924 924 924
 925 925 925 927 927 927 928 929 929 930
 930 930 931 931 931 932 932 933 933 933
 934 935 935 935 936 936 936 937 937 937
 938 938 938 939 939 939 940 940 940 941
 941 941 942 942 942 943 943 944 944 944
 945 945 945 946 946 947 948 948 948 949
 949 950 950 950 951 951 952 953 953 953
 954 954 955 955 956 956 956 957 957 958
 958 958 959 959 959 960 960 960 961 962
 962 962 963 963 964 964 964 965 965 965
 966 966 966 967 967 967 968 968 969 969
 970 970 970 971 972 972 973 973 973 974
 974 974 975 975 975 976 976 976 977 978
 978 978 979 979 979 980 980 980 981 981
 981 982 982 982 983 983 984 984 985 985
 986 986 986 987 987 987 988 988 989 989
 990 990 990 991 991 992 992 993 993 994
 994 994 995 995 996 996 996 997 997 997
 998 998 998 999 999 999 1000 1000 1001 1001
 1001 1002 1002 1002 1003 1003 1003 1004 1004 1005
 1005 1005 1006 1006 1006 1007 1007 1007 1008 1008
 1009 1009 1019 1020 1020 1022 1023 1025 1027 1029
 1034 1036 1039 1040 1040 1041 1041 1044 1058 1066
 1066 1069 1072 1072 1077 1078 1078 1080 1084 1084
 1087 1089 1091 1091 1094 1096 1099 1101 1104 1106
 1107 1112 1118 1121 1125 1126 1134 1136 1139 1140
 1144 1148 1151 1152 1152 1153 1155 1155 1156 1158
 1158 1159 1160 1160 1161 1161 1166 1169 1171 1173
 1176 1177 1178 1180 1183 1186 1188 1193 1194 1194
 1195 1200 1204 1205 1206 1208 1209 1210 1211 1212
 1212 1214 1220 1223 1223 1224 1226 1228 1230 1230
 1231 1232 1232 1233 1233 1234 1235 1235 1236 1236
 1238 1239 1241 1244 1245 1247 1247 1249 1250 1251
 1251 1252 1253 1254 1255 1255 1256 1257 1259 1259
 1259 1261 1262 1262 1263 1264 1265 1265 1267 1268
 1269 1270 1271 1272 1272 1274 1275 1275 1277 1277
 1278 1278 1279 1280 1280 1281 1282 1282 1283 1283
 1285 1286 1287 1288 1288 1289 1290 1291 1291 1291
 1292 1293 1297 1297 1298 1298 1299 1299 1300 1301
 1302 1302 1303 1303 1304 1304 1305 1306 1306 1307
 1307 1308 1309 1309 1310 1311 1312 1312 1312 1313
 1313 1314 1314 1315 1315 1316 1318 1318 1319 1320
 1320 1321 1321 1323 1323 1324 1325 1326 1326 1327
 1327 1327 1328 1328 1329 1330 1331 1331 1332 1333
 1334 1334 1335 1336 1336 1337 1337 1338 1339 1339
 1340 1341 1342 1343 1344 1344 1344 1345 1346 1346
 1347 1347 1348 1348 1348 1349 1349 1349 1350 1350
 1350 1351 1351 1352 1352 1352 1353 1353 1354 1354
 1355 1355 1355 1356 1356 1357 1357 1358 1358 1358
 1359 1359 1360 1361 1363 1363 1364 1364 1364 1365
 1365 1366 1366 1367 1367 1368 1368 1369 1369 1370
 1370 1371 1371 1371 1372 1372 1373 1373 1374 1374
 1374 1375 1375 1376 1376 1377 1377 1378 1378 1379
 1379 1379 1380 1380 1381 1381 1382 1382 1382 1383
 1384 1384 1385 1385 1386 1386 1387 1387 1387 1388
 1388 1389 1389 1390 1390 1390 1391 1391 1391 1392
 1392 1393 1393 1393 1394 1394 1395 1395 1395 1396
 1396 1397 1397 1398 1398 1399 1399 1399 1400 1400
 1400 1401 1401 1401 1402 1402 1402 1403 1403 1404
 1404 1404 1405 1405 1405 1406 1406 1406 1407 1407
 1407 1408 1408 1409 1409 1409 1410 1410 1411 1411
 1411 1412 1412 1412 1413 1414 1414 1414 1415 1415
 1416 1416 1416 1417 1417 1418 1418 1418 1419 1419
 1419 1420 1420 1420 1421 1422 1422 1422 1423 1423
 1423 1424 1425 1425 1425 1426 1426 1426 1427 1427
 1427 1428 1428 1428 1429 1430 1430 1431 1431 1431
 1432 1433 1433 1434 1435 1435 1436 1436 1437 1437
 1437 1438 1438 1438 1439 1439 1439 1440 1441 1441
 1442 1442 1443 1444 1445 1446 1446 1447 1448 1448
 1449 1449 1450 1451 1451 1452 1452 1453 1453 1453
 1454 1454 1454 1455 1455 1455 1456 1456 1457 1457
 1458 1459 1459 1460 1460 1460 1461 1461 1461 1462
 1463 1463 1463 1464 1464 1464 1465 1465 1465 1466
 1467 1467 1467 1468 1468 1469 1470 1470 1471 1472
 1472 1473 1473 1474 1474 1475 1475 1476 1476 1477
 1477 1478 1478 1479 1479 1480 1481 1481 1481 1482
 1482 1482 1483 1483 1484 1485 1485 1486 1486 1487
 1487 1488 1488 1488 1489 1489 1489 1490 1490 1491
 1491 1491 1492 1492 1493 1493 1493 1494 1494 1495
 1495 1495 1496 1496 1496 1497 1497 1497 1498 1498
 1499 1499 1499 1500 1500 1500 1501 1501 1501 1502
 1502 1502 1503 1503 1504 1504 1504 1505 1505 1505
 1506 1506 1507 1507 1508 1508 1509 1509 1510 1510
 1511 1511 1512 1512 1513 1514 1514 1515 1515 1515
 1516 1516 1516 1517 1517 1517 1518 1518 1518 1519
 1519 1520 1520 1521 1521 1521 1522 1522 1522 1523
 1523 1524 1524 1525 1525 1525 1526 1526 1526 1527
 1527 1527 1528 1529 1529 1529 1530 1531 1531 1531
 1532 1532 1532 1533 1533 1533 1534 1534 1534 1535
 1535 1535 1536 1536 1536 1537 1537 1537 1538 1538
 1538 1539 1539 1539 1540 1541 1541 1542 1542 1542
 1543 1543 1544 1544 1545 1545 1546 1546 1546 1547
 1547 1548 1548 1549 1549 1549 1550 1550 1551 1551
 1552 1552 1552 1553 1553 1554 1554 1554 1555 1555
 1556 1556 1556 1557 1557 1557 1558 1558 1558 1559
 1559 1560 1560 1560 1561 1561 1561 1562 1562 1562
 1563 1563 1563 1564 1564 1564 1565 1565 1565 1566
 1566 1566 1567 1567 1567 1568 1568 1569 1569 1569
 1570 1570 1570 1571 1571 1571 1572 1572 1572 1573
 1573 1573 1574 1574 1574 1575 1575 1575 1576 1576
 1576 1577 1577 1577 1578 1578 1578 1579 1579 1579
 1580 1580 1580 1581 1581 1581 1582 1582 1582 1583
 1583 1584 1584 1584 1585 1585 1586 1586 1586 1587
 1587 1588 1588 1588 1589 1589 1590 1590 1590 1591
 1591 1591 1592 1592 1593 1593 1593 1594 1594 1595
 1595 1596 1596 1596 1597 1598 1598 1598 1599 1600
 1600 1600 1601 1601 1601 1602 1602 1602 1603 1603
 1603 1604 1604 1604 1605 1605 1605 1606 1606 1606
 1607 1607 1607 1608 1608 1608 1609 1609 1609 1610
 1610 1610 1611 1611 1611 1612 1612 1612 1613 1613
 1614 1614 1615 1615 1615 1616 1616 1616 1617 1617
 1617 1618 1618 1618 1619 1619 1619 1620 1620 1620
 1621 1621 1621 1622 1622 1622 1623 1623 1623 1624
 1624 1624 1625 1625 1625 1626 1626 1626 1627 1627
 1627 1628 1628 1628 1629 1629 1629 1630 1630 1630
 1631 1631 1631 1632 1632 1632 1633 1633 1633 1634
 1634 1634 1635 1635 1635 1636 1636 1636 1637 1637
 1637 1638 1638 1639 1639 1639 1640 1640 1640 1641
 1641 1641 1642 1642 1642 1643 1643 1643
)
