FoamFile
{
    version     2.0;
    format      ascii;
    class       labelList;
    location    "constant/polyMesh";
    object      owner;
}

5772      
(
 0 2 4 8 9 14 16 19 21 23
 28 30 32 35 48 52 54 17 56 57
 59 13 45 45 64 68 30 72 35 36
 36 87 89 18 44 103 107 1 113 116
 117 119 122 123 125 127 128 130 131 50
 133 134 136 137 139 29 11 10 85 38
 81 82 142 7 145 146 174 6 155 156
 180 184 166 186 159 79 175 192 182 166
 186 168 198 200 70 184 34 172 173 191
 29 211 176 87 224 74 80 228 31 153
 31 148 234 233 40 28 158 202 70 71
 70 236 9 28 224 236 237 206 73 229
 240 3 32 3 41 42 42 207 147 79
 229 256 208 223 172 24 93 24 25 218
 78 217 241 170 34 93 34 276 234 196
 197 239 163 164 283 245 88 177 97 274
 275 266 216 182 67 67 25 223 188 238
 185 43 23 44 303 43 195 272 91 92
 220 290 284 91 192 291 200 95 286 197
 84 253 196 197 227 64 320 250 299 89
 249 250 324 299 298 299 207 206 213 319
 276 233 95 155 332 228 103 104 210 211
 248 343 211 343 307 310 263 152 258 61
 351 273 100 318 22 63 46 45 280 64
 65 47 69 364 272 273 262 353 97 98
 363 254 48 48 336 260 66 340 282 369
 355 324 285 234 190 16 20 306 33 252
 252 285 295 226 227 293 318 319 269 93
 303 300 238 239 380 282 266 311 221 249
 241 328 250 130 294 278 254 362 209 173
 368 369 403 289 366 356 187 305 348 98
 349 91 105 368 136 345 339 385 358 101
 102 396 26 262 25 26 99 68 375 326
 327 238 188 159 298 400 218 89 396 397
 312 295 296 320 333 212 376 338 27 257
 325 295 296 280 434 224 225 333 408 230
 344 306 92 418 326 374 417 418 19 245
 313 448 437 338 228 247 332 231 391 21
 453 272 131 429 373 409 383 373 137 98
 364 134 386 277 375 379 399 398 217 90
 218 101 436 102 468 420 63 439 438 468
 312 61 199 263 464 268 269 260 340 392
 431 20 104 269 340 329 404 371 370 376
 94 360 370 372 458 291 267 193 346 487
 42 489 179 409 410 379 380 315 66 378
 363 383 326 330 49 463 454 357 354 44
 455 480 480 364 344 294 138 133 431 412
 497 125 495 462 391 127 469 509 386 413
 484 136 313 286 287 446 94 95 425 449
 106 456 483 101 491 420 102 461 515 122
 454 117 453 122 410 369 308 517 459 357
 356 527 100 345 248 332 513 462 500 445
 16 50 51 416 505 505 309 289 531 239
 346 267 27 347 491 410 65 409 503 116
 481 357 453 132 106 516 300 327 499 330
 516 127 276 381 130 522 411 41 441 486
 18 47 321 373 529 119 412 341 378 103
 483 475 524 66 23 96 566 470 471 556
 539 430 298 507 448 498 139 508 568 467
 466 415 573 541 435 237 529 47 510 481
 116 480 395 281 308 495 413 414 414 135
 554 504 315 557 512 56 121 570 538 21
 128 391 538 561 584 586 421 470 566 514
 582 282 327 281 600 367 26 124 603 118
 0 595 14 594 138 474 475 359 422 493
 579 140 383 547 551 120 120 620 589 622
 1 5 521 113 511 574 125 568 496 504
 110 638 52 54 508 12 597 114 381 452
 461 58 584 632 604 632 641 576 642 642
 565 126 621 126 579 530 593 530 361 529
 619 593 602 99 100 565 597 17 121 479
 140 59 624 640 15 650 654 55 675 636
 611 612 617 114 639 523 105 106 582 462
 671 650 538 51 5 111 112 108 14 564
 469 617 619 590 651 652 287 314 623 686
 659 646 679 548 475 678 13 613 12 667
 640 449 139 687 586 688 641 675 566 524
 596 110 601 109 691 630 631 615 59 547
 673 603 674 356 353 354 457 321 546 167
 609 610 631 662 691 618 676 657 637 233
 710 232 148 214 717 213 335 219 719 274
 220 543 219 84 279 279 196 209 582 694
 724 671 653 629 54 124 715 636 702 644
 12 466 642 697 612 643 551 129 412 512
 411 696 118 135 365 573 586 585 334 318
 555 526 587 324 684 626 129 490 558 560
 740 333 448 426 415 730 541 497 377 568
 392 261 522 352 439 473 296 352 177 33
 201 433 201 387 693 330 418 537 374 57
 752 358 489 46 215 191 179 442 92 248
 756 231 502 405 419 195 194 264 227 507
 293 264 90 323 762 328 104 563 745 268
 150 219 75 368 513 494 419 315 96 759
 455 43 765 71 271 164 408 97 275 349
 564 474 747 200 221 288 423 297 68 426
 362 363 206 181 246 447 337 181 336 212
 337 207 246 331 553 314 166 205 165 492
 191 384 342 27 437 393 204 302 476 262
 534 425 628 280 577 370 72 143 183 292
 267 343 791 215 216 389 760 80 217 544
 266 46 216 179 796 178 492 178 151 172
 152 799 801 169 186 189 147 222 174 10
 11 86 147 808 780 176 88 164 194 165
 801 720 38 37 270 71 171 198 815 786
 156 214 793 213 214 402 278 167 316 209
 762 265 86 798 143 789 81 710 2 161
 251 162 169 168 153 82 149 818 148 84
 83 39 40 74 39 173 259 543 301 75
 184 205 150 35 221 175 87 839 75 76
 83 822 833 828 235 285 840 226 8 805
 309 220 719 257 190 210 246 817 203 806
 202 8 40 820 69 223 82 807 85 826
 811 146 146 793 845 468 325 587 76 301
 160 158 763 157 345 506 199 151 152 823
 722 816 273 406 790 797 284 275 145 159
 160 417 446 287 7 854 811 274 145 153
 771 871 174 182 183 39 113 711 712 171
 170 556 22 67 109 694 623 649 638 620
 686 732 0 690 107 688 675 422 473 351
 628 629 123 41 822 674 168 151 170 838
 652 688 585 508 86 384 85 658 679 625
 78 77 850 753 49 514 857 872 37 79
 188 553 431 121 119 726 594 595 683 883
 724 53 4 115 911 53 912 647 680 611
 690 606 678 690 677 916 605 630 60 579
 878 600 665 609 631 919 713 658 645 646
 680 746 620 921 644 884 665 643 884 870
 6 810 99 423 742 481 588 629 700 699
 894 647 627 50 806 171 242 669 108 670
 608 133 736 606 889 605 877 903 624 652
 898 618 645 876 901 633 655 614 61 62
 928 884 885 887 638 946 734 632 633 947
 686 598 725 58 894 625 609 141 142 155
 897 926 803 868 850 157 824 889 112 821
 149 232 671 607 672 862 505 365 714 348
 306 532 601 665 668 60 610 55 624 625
 834 74 893 877 610 952 809 849 923 630
 510 18 19 655 823 836 971 673 934 932
 419 533 503 902 574 187 169 815 901 949
 646 977 647 550 746 627 626 51 52 887
 115 911 111 4 203 158 923 898 898 954
 682 495 653 622 926 882 983 157 111 957
 651 882 897 37 38 858 818 918 611 167
 2 161 885 915 929 612 995 32 6 7
 636 110 881 471 13 729 881 714 540 338
 415 637 664 600 256 144 190 649 650 81
 30 831 107 961 670 73 143 144 15 672
 852 875 1018 1019 1016 1021 1022 1024 1026 1028
 1033 1035 1016 988 1017 817 1027 1043 1042 1065
 1045 1036 1069 1070 1076 1075 77 1063 1083 840
 1086 1088 1085 1030 1018 1095 1098 1100 875 1103
 1103 1014 1093 1120 1124 1123 1032 1121 1138 1131
 1055 1081 1150 1015 1028 1043 1142 1143 856 1126
 1127 1090 1159 1073 1083 992 1101 1147 1137 1172
 1114 1115 1142 1033 1020 1107 1096 1068 1168 1121
 1117 1199 1165 1081 1157 1070 1170 1120 1011 1178
 1179 1213 1187 1157 1127 1175 1207 1089 1229 1031
 1076 1231 1129 1013 1211 1215 1144 1145 1147 1138
 1125 1062 1072 1151 1244 1092 1093 1248 1226 1067
 1068 1063 1213 1217 1231 1034 1067 1189 1229 1130
 1131 1031 1049 1050 1077 1232 1264 1033 1089 1191
 1133 1133 1270 1088 1227 1044 1154 1177 1046 1045
 1221 1064 1109 1025 1271 1024 1189 1135 1257 1277
 1284 1236 1139 1202 1196 1053 1239 1246 1037 1038
 1240 1122 1060 1059 1113 1028 1025 1128 1243 1247
 1165 1100 1092 1218 1266 1086 1258 1106 1069 1057
 1058 1053 1294 1054 1260 1065 1271 1182 1059 1181
 1074 1169 1168 1249 1137 1132 1167 1114 1176 1187
 1095 1130 1261 1030 1159 1117 1029 1208 1306 1209
 1071 1070 1300 1056 1172 1248 1237 1174 1184 1183
 1212 1196 1143 1182 1270 1269 1316 1186 1102 1207
 1128 1198 1184 1268 1298 1085 1322 1250 1170 1210
 1275 1319 1177 1167 1176 1334 1012 1021 1289 1022
 1108 1286 1169 1112 1285 1111 1322 1030 1191 1192
 1330 1174 1175 1292 1293 1274 1032 1276 1260 1261
 1206 1332 1315 1274 1329 1287 1301 1243 1218 1102
 1279 1250 1225 1359 1248 1224 1122 1263 1254 1100
 1303 1052 1067 1051 1110 1257 1294 1295 1267 1273
 1087 1314 1146 1351 1195 1309 1308 1201 1227 1048
 1102 1107 1185 1186 1311 1310 1225 1109 1110 1109
 1252 1311 1317 1076 1077 1255 1328 1144 1172 1238
 1290 1316 1317 1287 1112 1049 1381 1276 1045 1095
 1321 1377 1160 1116 1153 1294 1353 1192 1268 1285
 1343 1060 1296 1182 1181 1046 1134 1135 1256 1189
 1190 1074 1398 1192 1262 1173 1363 1139 1286 1091
 1167 1090 1051 1190 1114 1293 1175 1331 1329 1235
 1138 1340 1024 1337 1284 1191 1345 1210 1342 1183
 1071 1193 1052 1324 1120 1241 1018 1035 1162 1036
 1106 1415 1380 1208 1226 1202 1053 1054 1373 1201
 1054 1153 1362 1295 1198 1341 1197 1164 1200 1333
 1184 1157 1200 1206 1148 1164 1408 1163 1047 1222
 1214 1338 1047 1048 1222 1251 1366 1279 1225 1207
 162 1432 1253 1161 1434 1185 1041 1042 10 1097
 1027 1149 1199 1081 806 1149 1205 1222 1440 821
 1104 1105 1149 1079 1220 1180 1105 1204 1078 1084
 1094 1075 955 1010 160 1141 825 1150 1131 1258
 1037 1119 799 1124 1093 1246 1273 1362 826 1266
 857 1440 161 1064 1221 1047 76 1010 1011 1011
 1098 1215 1307 1038 1290 1125 1388 1356 1237 827
 1228 1272 1201 1097 846 1165 1180 1447 1187 1079
 1445 1092 1101 259 1119 1130 1096 178 1141 1061
 801 1122 1240 203 1443 896 1295 1273 1228 1378
 1335 1202 839 1462 991 1478 1123 1123 1368 1443
 1039 1117 1052 1325 1113 1325 1051 1403 1014 1389
 1111 1284 1283 1110 1080 1253 1079 176 1444 1168
 1324 1376 1015 1396 1014 1105 1265 1421 1179 1462
 1090 1115 1116 1299 1132 1133 1074 1323 1073 1384
 1219 1310 1134 1361 1386 1203 1254 1242 1217 1218
 183 1471 1260 1392 864 1469 1217 1370 1473 1118
 1301 1124 1475 1140 1245 1129 1128 1410 1209 1417
 1498 1211 1012 1216 1397 1013 1044 1245 1362 1267
 1466 1111 1049 1085 1113 1318 1436 1057 968 1058
 1099 1383 1065 1278 1252 1524 1026 1163 1042 1458
 1155 1156 854 1082 1127 1480 205 1338 1435 1429
 1137 1346 1136 1241 1071 1019 1062 830 1061 1237
 1055 1056 1486 1158 1424 1083 1185 1162 1221 1365
 1048 1171 1249 1332 1145 1394 1116 1513 1229 1150
 1046 1276 1300 1511 1263 1050 1340 1197 1129 1099
 1281 1490 1195 1193 1194 1413 1313 1108 1305 1452
 1357 1230 1513 1037 895 1243 1173 1242 1216 1234
 1163 1281 1523 1264 1197 1421 1204 1509 1203 1009
 1442 1064 1213 1063 1220 1507 1219 1023 1012 1013
 1288 1021 1289 1040 1039 1479 1456 1244 1086 1335
 1142 1196 1544 1238 1056 1330 1540 1514 1385 1132
 1322 1343 1152 1319 1190 1282 1347 1135 1503 1029
 1015 1548 1147 1145 1146 1308 1550 1073 1154 1361
 1043 1171 1342 1170 1540 1055 1174 1068 1413 1345
 1372 1256 1430 1492 1383 1066 1136 1375 1360 1474
 1510 1541 1115 1154 1476 1512 1369 1242 1050 1164
 1026 1181 1296 1059 1143 1227 1339 1326 1103 1223
 1082 1148 1445 1494 1543 1031 1032 1519 154 1215
 1450 1336 1269 1354 1447 1545 1520 1317 165 850
 1075 1017 1568 1360 1146 1203 1034 1470 1219 1080
 1472 1553 1062 1038 1246 1118 1119 1477 1599 1240
 1367 1224 1424 1530 1485 1599 1530 1480 1126 1487
 1333 1199 1082 879 1205 1017 1094 1016 1035 1449
 149 1434 1429 1614 1441 1214 1459 1432 1613 1448
 1162 870 1444 1433 866 1585 1188 1188 1320 1506
 804 1471 1592 1258 1140 1141 1551 807 1266 1457
 1466 1087 1305 1304 1151 1528 1088 1594 1458 1484
 1178 1528 1156 1589 1483 1179 1484 1296 1108 1023
 1010 1555 1233 1060 1216 1098 1451 1450 1234 808
 1057 1595 1547 1280 1297 1341 1587 1097 1198 1468
 1559 1446 1104 1638 83 1597 833 1469 1597 1166
 1302 1508 972 1583 1166 1239 1061 1292 952 877
 903 951 934 971 943 876 901 977 947 887
 115 911 989 889 605 993 915 885 928 963
 109 1000 961 670 669 1008 1004 649 622 926
 985 984 969 919 0 1 2 3 4 5
 6 7 8 9 10 11 12 13 14 15
 16 17 18 19 20 21 22 23 24 25
 26 27 28 29 30 31 32 33 34 35
 36 37 38 39 40 41 42 43 44 45
 46 47 48 49 50 51 52 53 54 55
 56 57 58 59 60 61 62 63 64 65
 66 67 68 69 70 71 72 73 74 75
 76 77 78 79 80 81 82 83 84 85
 86 87 88 89 90 91 92 93 94 95
 96 97 98 99 100 101 102 103 104 105
 106 107 108 109 110 111 112 113 114 115
 116 117 118 119 120 121 122 123 124 125
 126 127 128 129 130 131 132 133 134 135
 136 137 138 139 140 141 142 143 144 145
 146 147 148 149 150 151 152 153 154 155
 156 157 158 159 160 161 162 163 164 165
 166 167 168 169 170 171 172 173 174 175
 176 177 178 179 180 181 182 183 184 185
 186 187 188 189 190 191 192 193 194 195
 196 197 198 199 200 201 202 203 204 205
 206 207 208 209 210 211 212 213 214 215
 216 217 218 219 220 221 222 223 224 225
 226 227 228 229 230 231 232 233 234 235
 236 237 238 239 240 241 242 243 244 245
 246 247 248 249 250 251 252 253 254 255
 256 257 258 259 260 261 262 263 264 265
 266 267 268 269 270 271 272 273 274 275
 276 277 278 279 280 281 282 283 284 285
 286 287 288 289 290 291 292 293 294 295
 296 297 298 299 300 301 302 303 304 305
 306 307 308 309 310 311 312 313 314 315
 316 317 318 319 320 321 322 323 324 325
 326 327 328 329 330 331 332 333 334 335
 336 337 338 339 340 341 342 343 344 345
 346 347 348 349 350 351 352 353 354 355
 356 357 358 359 360 361 362 363 364 365
 366 367 368 369 370 371 372 373 374 375
 376 377 378 379 380 381 382 383 384 385
 386 387 388 389 390 391 392 393 394 395
 396 397 398 399 400 401 402 403 404 405
 406 407 408 409 410 411 412 413 414 415
 416 417 418 419 420 421 422 423 424 425
 426 427 428 429 430 431 432 433 434 435
 436 437 438 439 440 441 442 443 444 445
 446 447 448 449 450 451 452 453 454 455
 456 457 458 459 460 461 462 463 464 465
 466 467 468 469 470 471 472 473 474 475
 476 477 478 479 480 481 482 483 484 485
 486 487 488 489 490 491 492 493 494 495
 496 497 498 499 500 501 502 503 504 505
 506 507 508 509 510 511 512 513 514 515
 516 517 518 519 520 521 522 523 524 525
 526 527 528 529 530 531 532 533 534 535
 536 537 538 539 540 541 542 543 544 545
 546 547 548 549 550 551 552 553 554 555
 556 557 558 559 560 561 562 563 564 565
 566 567 568 569 570 571 572 573 574 575
 576 577 578 579 580 581 582 583 584 585
 586 587 588 589 590 591 592 593 594 595
 596 597 598 599 600 601 602 603 604 605
 606 607 608 609 610 611 612 613 614 615
 616 617 618 619 620 621 622 623 624 625
 626 627 628 629 630 631 632 633 634 635
 636 637 638 639 640 641 642 643 644 645
 646 647 648 649 650 651 652 653 654 655
 656 657 658 659 660 661 662 663 664 665
 666 667 668 669 670 671 672 673 674 675
 676 677 678 679 680 681 682 683 684 685
 686 687 688 689 690 691 692 693 694 695
 696 697 698 699 700 701 702 703 704 705
 706 707 708 709 710 711 712 713 714 715
 716 717 718 719 720 721 722 723 724 725
 726 727 728 729 730 731 732 733 734 735
 736 737 738 739 740 741 742 743 744 745
 746 747 748 749 750 751 752 753 754 755
 756 757 758 759 760 761 762 763 764 765
 766 767 768 769 770 771 772 773 774 775
 776 777 778 779 780 781 782 783 784 785
 786 787 788 789 790 791 792 793 794 795
 796 797 798 799 800 801 802 803 804 805
 806 807 808 809 810 811 812 813 814 815
 816 817 818 819 820 821 822 823 824 825
 826 827 828 829 830 831 832 833 834 835
 836 837 838 839 840 841 842 843 844 845
 846 847 848 849 850 851 852 853 854 855
 856 857 858 859 860 861 862 863 864 865
 866 867 868 869 870 871 872 873 874 875
 876 877 878 879 880 881 882 883 884 885
 886 887 888 889 890 891 892 893 894 895
 896 897 898 899 900 901 902 903 904 905
 906 907 908 909 910 911 912 913 914 915
 916 917 918 919 920 921 922 923 924 925
 926 927 928 929 930 931 932 933 934 935
 936 937 938 939 940 941 942 943 944 945
 946 947 948 949 950 951 952 953 954 955
 956 957 958 959 960 961 962 963 964 965
 966 967 968 969 970 971 972 973 974 975
 976 977 978 979 980 981 982 983 984 985
 986 987 988 989 990 991 992 993 994 995
 996 997 998 999 1000 1001 1002 1003 1004 1005
 1006 1007 1008 1009 1010 1011 1012 1013 1014 1015
 1016 1017 1018 1019 1020 1021 1022 1023 1024 1025
 1026 1027 1028 1029 1030 1031 1032 1033 1034 1035
 1036 1037 1038 1039 1040 1041 1042 1043 1044 1045
 1046 1047 1048 1049 1050 1051 1052 1053 1054 1055
 1056 1057 1058 1059 1060 1061 1062 1063 1064 1065
 1066 1067 1068 1069 1070 1071 1072 1073 1074 1075
 1076 1077 1078 1079 1080 1081 1082 1083 1084 1085
 1086 1087 1088 1089 1090 1091 1092 1093 1094 1095
 1096 1097 1098 1099 1100 1101 1102 1103 1104 1105
 1106 1107 1108 1109 1110 1111 1112 1113 1114 1115
 1116 1117 1118 1119 1120 1121 1122 1123 1124 1125
 1126 1127 1128 1129 1130 1131 1132 1133 1134 1135
 1136 1137 1138 1139 1140 1141 1142 1143 1144 1145
 1146 1147 1148 1149 1150 1151 1152 1153 1154 1155
 1156 1157 1158 1159 1160 1161 1162 1163 1164 1165
 1166 1167 1168 1169 1170 1171 1172 1173 1174 1175
 1176 1177 1178 1179 1180 1181 1182 1183 1184 1185
 1186 1187 1188 1189 1190 1191 1192 1193 1194 1195
 1196 1197 1198 1199 1200 1201 1202 1203 1204 1205
 1206 1207 1208 1209 1210 1211 1212 1213 1214 1215
 1216 1217 1218 1219 1220 1221 1222 1223 1224 1225
 1226 1227 1228 1229 1230 1231 1232 1233 1234 1235
 1236 1237 1238 1239 1240 1241 1242 1243 1244 1245
 1246 1247 1248 1249 1250 1251 1252 1253 1254 1255
 1256 1257 1258 1259 1260 1261 1262 1263 1264 1265
 1266 1267 1268 1269 1270 1271 1272 1273 1274 1275
 1276 1277 1278 1279 1280 1281 1282 1283 1284 1285
 1286 1287 1288 1289 1290 1291 1292 1293 1294 1295
 1296 1297 1298 1299 1300 1301 1302 1303 1304 1305
 1306 1307 1308 1309 1310 1311 1312 1313 1314 1315
 1316 1317 1318 1319 1320 1321 1322 1323 1324 1325
 1326 1327 1328 1329 1330 1331 1332 1333 1334 1335
 1336 1337 1338 1339 1340 1341 1342 1343 1344 1345
 1346 1347 1348 1349 1350 1351 1352 1353 1354 1355
 1356 1357 1358 1359 1360 1361 1362 1363 1364 1365
 1366 1367 1368 1369 1370 1371 1372 1373 1374 1375
 1376 1377 1378 1379 1380 1381 1382 1383 1384 1385
 1386 1387 1388 1389 1390 1391 1392 1393 1394 1395
 1396 1397 1398 1399 1400 1401 1402 1403 1404 1405
 1406 1407 1408 1409 1410 1411 1412 1413 1414 1415
 1416 1417 1418 1419 1420 1421 1422 1423 1424 1425
 1426 1427 1428 1429 1430 1431 1432 1433 1434 1435
 1436 1437 1438 1439 1440 1441 1442 1443 1444 1445
 1446 1447 1448 1449 1450 1451 1452 1453 1454 1455
 1456 1457 1458 1459 1460 1461 1462 1463 1464 1465
 1466 1467 1468 1469 1470 1471 1472 1473 1474 1475
 1476 1477 1478 1479 1480 1481 1482 1483 1484 1485
 1486 1487 1488 1489 1490 1491 1492 1493 1494 1495
 1496 1497 1498 1499 1500 1501 1502 1503 1504 1505
 1506 1507 1508 1509 1510 1511 1512 1513 1514 1515
 1516 1517 1518 1519 1520 1521 1522 1523 1524 1525
 1526 1527 1528 1529 1530 1531 1532 1533 1534 1535
 1536 1537 1538 1539 1540 1541 1542 1543 1544 1545
 1546 1547 1548 1549 1550 1551 1552 1553 1554 1555
 1556 1557 1558 1559 1560 1561 1562 1563 1564 1565
 1566 1567 1568 1569 1570 1571 1572 1573 1574 1575
 1576 1577 1578 1579 1580 1581 1582 1583 1584 1585
 1586 1587 1588 1589 1590 1591 1592 1593 1594 1595
 1596 1597 1598 1599 1600 1601 1602 1603 1604 1605
 1606 1607 1608 1609 1610 1611 1612 1613 1614 1615
 1616 1617 1618 1619 1620 1621 1622 1623 1624 1625
 1626 1627 1628 1629 1630 1631 1632 1633 1634 1635
 1636 1637 1638 1639 1640 1641 1642 1643 0 1
 2 3 4 5 6 7 8 9 10 11
 12 13 14 15 16 17 18 19 20 21
 22 23 24 25 26 27 28 29 30 31
 32 33 34 35 36 37 38 39 40 41
 42 43 44 45 46 47 48 49 50 51
 52 53 54 55 56 57 58 59 60 61
 62 63 64 65 66 67 68 69 70 71
 72 73 74 75 76 77 78 79 80 81
 82 83 84 85 86 87 88 89 90 91
 92 93 94 95 96 97 98 99 100 101
 102 103 104 105 106 107 108 109 110 111
 112 113 114 115 116 117 118 119 120 121
 122 123 124 125 126 127 128 129 130 131
 132 133 134 135 136 137 138 139 140 141
 142 143 144 145 146 147 148 149 150 151
 152 153 154 155 156 157 158 159 160 161
 162 163 164 165 166 167 168 169 170 171
 172 173 174 175 176 177 178 179 180 181
 182 183 184 185 186 187 188 189 190 191
 192 193 194 195 196 197 198 199 200 201
 202 203 204 205 206 207 208 209 210 211
 212 213 214 215 216 217 218 219 220 221
 222 223 224 225 226 227 228 229 230 231
 232 233 234 235 236 237 238 239 240 241
 242 243 244 245 246 247 248 249 250 251
 252 253 254 255 256 257 258 259 260 261
 262 263 264 265 266 267 268 269 270 271
 272 273 274 275 276 277 278 279 280 281
 282 283 284 285 286 287 288 289 290 291
 292 293 294 295 296 297 298 299 300 301
 302 303 304 305 306 307 308 309 310 311
 312 313 314 315 316 317 318 319 320 321
 322 323 324 325 326 327 328 329 330 331
 332 333 334 335 336 337 338 339 340 341
 342 343 344 345 346 347 348 349 350 351
 352 353 354 355 356 357 358 359 360 361
 362 363 364 365 366 367 368 369 370 371
 372 373 374 375 376 377 378 379 380 381
 382 383 384 385 386 387 388 389 390 391
 392 393 394 395 396 397 398 399 400 401
 402 403 404 405 406 407 408 409 410 411
 412 413 414 415 416 417 418 419 420 421
 422 423 424 425 426 427 428 429 430 431
 432 433 434 435 436 437 438 439 440 441
 442 443 444 445 446 447 448 449 450 451
 452 453 454 455 456 457 458 459 460 461
 462 463 464 465 466 467 468 469 470 471
 472 473 474 475 476 477 478 479 480 481
 482 483 484 485 486 487 488 489 490 491
 492 493 494 495 496 497 498 499 500 501
 502 503 504 505 506 507 508 509 510 511
 512 513 514 515 516 517 518 519 520 521
 522 523 524 525 526 527 528 529 530 531
 532 533 534 535 536 537 538 539 540 541
 542 543 544 545 546 547 548 549 550 551
 552 553 554 555 556 557 558 559 560 561
 562 563 564 565 566 567 568 569 570 571
 572 573 574 575 576 577 578 579 580 581
 582 583 584 585 586 587 588 589 590 591
 592 593 594 595 596 597 598 599 600 601
 602 603 604 605 606 607 608 609 610 611
 612 613 614 615 616 617 618 619 620 621
 622 623 624 625 626 627 628 629 630 631
 632 633 634 635 636 637 638 639 640 641
 642 643 644 645 646 647 648 649 650 651
 652 653 654 655 656 657 658 659 660 661
 662 663 664 665 666 667 668 669 670 671
 672 673 674 675 676 677 678 679 680 681
 682 683 684 685 686 687 688 689 690 691
 692 693 694 695 696 697 698 699 700 701
 702 703 704 705 706 707 708 709 710 711
 712 713 714 715 716 717 718 719 720 721
 722 723 724 725 726 727 728 729 730 731
 732 733 734 735 736 737 738 739 740 741
 742 743 744 745 746 747 748 749 750 751
 752 753 754 755 756 757 758 759 760 761
 762 763 764 765 766 767 768 769 770 771
 772 773 774 775 776 777 778 779 780 781
 782 783 784 785 786 787 788 789 790 791
 792 793 794 795 796 797 798 799 800 801
 802 803 804 805 806 807 808 809 810 811
 812 813 814 815 816 817 818 819 820 821
 822 823 824 825 826 827 828 829 830 831
 832 833 834 835 836 837 838 839 840 841
 842 843 844 845 846 847 848 849 850 851
 852 853 854 855 856 857 858 859 860 861
 862 863 864 865 866 867 868 869 870 871
 872 873 874 875 876 877 878 879 880 881
 882 883 884 885 886 887 888 889 890 891
 892 893 894 895 896 897 898 899 900 901
 902 903 904 905 906 907 908 909 910 911
 912 913 914 915 916 917 918 919 920 921
 922 923 924 925 926 927 928 929 930 931
 932 933 934 935 936 937 938 939 940 941
 942 943 944 945 946 947 948 949 950 951
 952 953 954 955 956 957 958 959 960 961
 962 963 964 965 966 967 968 969 970 971
 972 973 974 975 976 977 978 979 980 981
 982 983 984 985 986 987 988 989 990 991
 992 993 994 995 996 997 998 999 1000 1001
 1002 1003 1004 1005 1006 1007 1008 1009 1010 1011
 1012 1013 1014 1015 1016 1017 1018 1019 1020 1021
 1022 1023 1024 1025 1026 1027 1028 1029 1030 1031
 1032 1033 1034 1035 1036 1037 1038 1039 1040 1041
 1042 1043 1044 1045 1046 1047 1048 1049 1050 1051
 1052 1053 1054 1055 1056 1057 1058 1059 1060 1061
 1062 1063 1064 1065 1066 1067 1068 1069 1070 1071
 1072 1073 1074 1075 1076 1077 1078 1079 1080 1081
 1082 1083 1084 1085 1086 1087 1088 1089 1090 1091
 1092 1093 1094 1095 1096 1097 1098 1099 1100 1101
 1102 1103 1104 1105 1106 1107 1108 1109 1110 1111
 1112 1113 1114 1115 1116 1117 1118 1119 1120 1121
 1122 1123 1124 1125 1126 1127 1128 1129 1130 1131
 1132 1133 1134 1135 1136 1137 1138 1139 1140 1141
 1142 1143 1144 1145 1146 1147 1148 1149 1150 1151
 1152 1153 1154 1155 1156 1157 1158 1159 1160 1161
 1162 1163 1164 1165 1166 1167 1168 1169 1170 1171
 1172 1173 1174 1175 1176 1177 1178 1179 1180 1181
 1182 1183 1184 1185 1186 1187 1188 1189 1190 1191
 1192 1193 1194 1195 1196 1197 1198 1199 1200 1201
 1202 1203 1204 1205 1206 1207 1208 1209 1210 1211
 1212 1213 1214 1215 1216 1217 1218 1219 1220 1221
 1222 1223 1224 1225 1226 1227 1228 1229 1230 1231
 1232 1233 1234 1235 1236 1237 1238 1239 1240 1241
 1242 1243 1244 1245 1246 1247 1248 1249 1250 1251
 1252 1253 1254 1255 1256 1257 1258 1259 1260 1261
 1262 1263 1264 1265 1266 1267 1268 1269 1270 1271
 1272 1273 1274 1275 1276 1277 1278 1279 1280 1281
 1282 1283 1284 1285 1286 1287 1288 1289 1290 1291
 1292 1293 1294 1295 1296 1297 1298 1299 1300 1301
 1302 1303 1304 1305 1306 1307 1308 1309 1310 1311
 1312 1313 1314 1315 1316 1317 1318 1319 1320 1321
 1322 1323 1324 1325 1326 1327 1328 1329 1330 1331
 1332 1333 1334 1335 1336 1337 1338 1339 1340 1341
 1342 1343 1344 1345 1346 1347 1348 1349 1350 1351
 1352 1353 1354 1355 1356 1357 1358 1359 1360 1361
 1362 1363 1364 1365 1366 1367 1368 1369 1370 1371
 1372 1373 1374 1375 1376 1377 1378 1379 1380 1381
 1382 1383 1384 1385 1386 1387 1388 1389 1390 1391
 1392 1393 1394 1395 1396 1397 1398 1399 1400 1401
 1402 1403 1404 1405 1406 1407 1408 1409 1410 1411
 1412 1413 1414 1415 1416 1417 1418 1419 1420 1421
 1422 1423 1424 1425 1426 1427 1428 1429 1430 1431
 1432 1433 1434 1435 1436 1437 1438 1439 1440 1441
 1442 1443 1444 1445 1446 1447 1448 1449 1450 1451
 1452 1453 1454 1455 1456 1457 1458 1459 1460 1461
 1462 1463 1464 1465 1466 1467 1468 1469 1470 1471
 1472 1473 1474 1475 1476 1477 1478 1479 1480 1481
 1482 1483 1484 1485 1486 1487 1488 1489 1490 1491
 1492 1493 1494 1495 1496 1497 1498 1499 1500 1501
 1502 1503 1504 1505 1506 1507 1508 1509 1510 1511
 1512 1513 1514 1515 1516 1517 1518 1519 1520 1521
 1522 1523 1524 1525 1526 1527 1528 1529 1530 1531
 1532 1533 1534 1535 1536 1537 1538 1539 1540 1541
 1542 1543 1544 1545 1546 1547 1548 1549 1550 1551
 1552 1553 1554 1555 1556 1557 1558 1559 1560 1561
 1562 1563 1564 1565 1566 1567 1568 1569 1570 1571
 1572 1573 1574 1575 1576 1577 1578 1579 1580 1581
 1582 1583 1584 1585 1586 1587 1588 1589 1590 1591
 1592 1593 1594 1595 1596 1597 1598 1599 1600 1601
 1602 1603 1604 1605 1606 1607 1608 1609 1610 1611
 1612 1613 1614 1615 1616 1617 1618 1619 1620 1621
 1622 1623 1624 1625 1626 1627 1628 1629 1630 1631
 1632 1633 1634 1635 1636 1637 1638 1639 1640 1641
 1642 1643
)
