FoamFile
{
    version     2.0;
    format      ascii;
    class       vectorField;
    location    "constant/polyMesh";
    object      points;
}

1682      
(
(-2000.0 0.0 0.0)
(-500.0 0.0 0.0)
(-1969.615506024416 -347.2963553338607 0.0)
(-1879.3852415718168 -684.0402866513376 0.0)
(-1732.0508075688774 -1000.0 0.0)
(-1532.088886237956 -1285.5752193730782 0.0)
(-1285.5752193730782 -1532.088886237956 0.0)
(-1000.0 -1732.050807568877 0.0)
(-684.0402866513376 -1879.3852415718163 0.0)
(-347.29635533386084 -1969.615506024416 0.0)
(-1.224646799147353e-13 -2000.0 0.0)
(347.2963553338606 -1969.615506024416 0.0)
(684.0402866513376 -1879.3852415718168 0.0)
(999.9999999999995 -1732.0508075688774 0.0)
(1285.5752193730782 -1532.088886237956 0.0)
(1532.088886237956 -1285.575219373079 0.0)
(1732.0508075688774 -1000.0 0.0)
(1879.3852415718163 -684.0402866513381 0.0)
(1969.615506024416 -347.29635533386136 0.0)
(2000.0 -2.4492935982947065e-13 0.0)
(1969.615506024416 347.29635533386096 0.0)
(1879.3852415718168 684.0402866513376 0.0)
(1732.050807568877 1000.0 0.0)
(1532.088886237956 1285.5752193730782 0.0)
(1285.575219373079 1532.088886237956 0.0)
(1000.0000000000011 1732.050807568877 0.0)
(684.040286651339 1879.3852415718163 0.0)
(347.2963553338607 1969.615506024416 0.0)
(3.67394039744206e-13 2000.0 0.0)
(-347.29635533385994 1969.6155060244164 0.0)
(-684.0402866513381 1879.3852415718163 0.0)
(-1000.0 1732.050807568877 0.0)
(-1285.5752193730782 1532.088886237956 0.0)
(-1532.0888862379556 1285.575219373079 0.0)
(-1732.0508075688765 1000.0000000000011 0.0)
(-1879.3852415718159 684.040286651339 0.0)
(-1969.615506024416 347.2963553338608 0.0)
(-496.057350657239 -62.666616782152154 0.0)
(-484.2915805643156 -124.34494358242739 0.0)
(-464.88824294412564 -184.06227634233898 0.0)
(-438.1533400219318 -240.87683705085766 0.0)
(-404.5084971874737 -293.8926261462366 0.0)
(-364.48431371070575 -342.2735529643444 0.0)
(-318.71199487434484 -385.25662138789465 0.0)
(-267.91339748949827 -422.16396275100755 0.0)
(-212.88964578253635 -452.4135262330098 0.0)
(-154.50849718747375 -475.5282581475768 0.0)
(-93.69065729286224 -491.1436253643444 0.0)
(-31.395259764656654 -499.0133642141358 0.0)
(31.3952597646567 -499.0133642141358 0.0)
(93.6906572928624 -491.1436253643443 0.0)
(154.5084971874738 -475.5282581475768 0.0)
(212.88964578253635 -452.4135262330098 0.0)
(267.91339748949844 -422.16396275100755 0.0)
(318.7119948743449 -385.25662138789465 0.0)
(364.4843137107058 -342.2735529643443 0.0)
(404.50849718747367 -293.89262614623664 0.0)
(438.1533400219318 -240.8768370508576 0.0)
(464.8882429441258 -184.0622763423389 0.0)
(484.2915805643156 -124.34494358242739 0.0)
(496.057350657239 -62.66661678215205 0.0)
(500.0 1.6081226496766366e-13 0.0)
(496.057350657239 62.666616782152154 0.0)
(484.2915805643156 124.3449435824275 0.0)
(464.88824294412564 184.06227634233915 0.0)
(438.1533400219318 240.8768370508577 0.0)
(404.5084971874736 293.8926261462367 0.0)
(364.48431371070575 342.2735529643444 0.0)
(318.7119948743448 385.25662138789465 0.0)
(267.91339748949815 422.16396275100766 0.0)
(212.88964578253612 452.4135262330099 0.0)
(154.5084971874738 475.5282581475768 0.0)
(93.6906572928623 491.1436253643444 0.0)
(31.395259764656604 499.0133642141358 0.0)
(-31.39525976465686 499.0133642141358 0.0)
(-93.69065729286255 491.1436253643443 0.0)
(-154.50849718747358 475.5282581475768 0.0)
(-212.8896457825363 452.4135262330098 0.0)
(-267.9133974894984 422.16396275100755 0.0)
(-318.71199487434495 385.25662138789454 0.0)
(-364.4843137107059 342.27355296434416 0.0)
(-404.5084971874739 293.8926261462363 0.0)
(-438.1533400219318 240.87683705085766 0.0)
(-464.8882429441258 184.06227634233895 0.0)
(-484.2915805643156 124.34494358242725 0.0)
(-496.057350657239 62.66661678215189 0.0)
(-534.0279968423624 65.3420025643303 0.0)
(-57.666000569853296 1713.0072084357723 0.0)
(378.2961434158727 485.8785014439253 0.0)
(305.84196787721277 471.678972342763 0.0)
(339.8123124830323 428.66405909913345 0.0)
(483.6860727937114 1721.51998423742 0.0)
(732.9442824282345 1535.3287853764757 0.0)
(199.3590414370253 492.6362846119815 0.0)
(249.7547487727726 484.20334177953663 0.0)
(219.18786269425263 535.1849109283955 0.0)
(-593.3602205053863 1651.7562647907616 0.0)
(442.10346577938327 451.6563651143578 0.0)
(401.44252190067004 415.5084382678404 0.0)
(1267.4213727515112 1046.238405622941 0.0)
(1032.7494120944525 896.0336610490905 0.0)
(1253.3963124360855 740.8349129444381 0.0)
(548.8885170090055 733.3139070770542 0.0)
(475.857427170831 618.7639819366044 0.0)
(606.665373232752 614.963366357139 0.0)
(1028.3890927571927 1417.5737027044536 0.0)
(1074.6321613667828 493.9454286490559 0.0)
(969.9159103972779 324.42221002577674 0.0)
(1132.2829357086493 322.4681735779157 0.0)
(1037.9392860429734 1155.0859477818315 0.0)
(1238.926370202623 1284.921957225664 0.0)
(538.436036214764 -91.43180343460749 0.0)
(582.7349413884051 -52.134204994603344 0.0)
(534.8411350962839 -42.06469135198036 0.0)
(1670.3193496259055 427.3444175652643 0.0)
(1486.5754704427043 237.61006000436373 0.0)
(1705.3420166672436 133.60014974691015 0.0)
(537.0853518777079 -202.50930459704364 0.0)
(538.1972364156711 -151.81980514836803 0.0)
(1648.7294792011592 -204.13552199977605 0.0)
(428.1720388825855 -353.26588837494614 0.0)
(-71.07270313151355 525.6681541472971 0.0)
(-1113.8162859661963 980.8590396470106 0.0)
(-903.3252840758554 1144.6857750340484 0.0)
(-1204.648786481368 1225.822996778247 0.0)
(1445.7134706257993 -982.5858802586305 0.0)
(187.41713983483547 -509.18893056512206 0.0)
(-1024.452040912175 1411.001389586808 0.0)
(-415.9869889254004 1296.802462498083 0.0)
(-363.02242830152517 1024.3324616297841 0.0)
(-217.68555086972924 1077.245659520339 0.0)
(-1382.186796620241 993.4302053689315 0.0)
(-1544.8193199297452 725.4617685289766 0.0)
(139.28349299715683 -531.6263378991404 0.0)
(1146.2310637834103 -1292.1528562411659 0.0)
(1251.20576103572 -1089.6408697357824 0.0)
(1013.4062127141439 -1491.744150484916 0.0)
(778.0566938147099 -1576.3211608693257 0.0)
(869.6779049614935 -823.229457069186 0.0)
(1163.016307701068 -844.7812387182784 0.0)
(992.3877483024748 -686.2087918490095 0.0)
(666.94184674407 -1156.8524704335505 0.0)
(685.9717157650955 -951.063585751136 0.0)
(526.618675063945 -1033.1339757183969 0.0)
(252.7970610402563 -1663.7049193707703 0.0)
(-26.993881271524735 -1764.941178473879 0.0)
(-357.32041798993004 -495.403891967283 0.0)
(-303.8715398754921 -475.8355448468648 0.0)
(-338.78273273761886 -435.9754187387939 0.0)
(-222.63832228235685 -1044.5515110829751 0.0)
(-327.07037602741116 -1259.8092267070783 0.0)
(-65.9235524940574 -1237.5218450382104 0.0)
(-431.9681808913087 -822.4773556025059 0.0)
(-311.08804423244624 -816.7343885587809 0.0)
(-372.93660260038206 -720.077303151299 0.0)
(-1008.1660791341245 -1432.3799568519805 0.0)
(-1223.4066623377976 -1230.5801718895136 0.0)
(-497.2659048230048 -233.4147607650659 0.0)
(-847.5251986791429 461.5602415042133 0.0)
(-859.772247353192 335.6522131821309 0.0)
(-745.5860887490675 381.9063491262753 0.0)
(-1676.923804713748 464.8441410665778 0.0)
(-412.19846348503694 338.249816044348 0.0)
(-1622.1386608908335 -467.8945964200935 0.0)
(-1740.8828061836743 -191.89069288429997 0.0)
(-553.3003646799859 -43.08916840876093 0.0)
(-565.2684770154959 14.855773994419826 0.0)
(-627.6432817141934 -20.73860284902399 0.0)
(-1427.7480128398909 -988.1843042169909 0.0)
(-1359.1578774683092 -694.7782798809629 0.0)
(-1611.118760962281 -761.7589346326704 0.0)
(-1263.5705589780941 -388.5072551883944 0.0)
(-1460.4521178265468 -169.33132166737803 0.0)
(1471.936614790152 955.480468932088 0.0)
(82.78879875648956 806.796330808742 0.0)
(168.27342367873516 749.241237160843 0.0)
(156.36101315941406 842.1910059238633 0.0)
(358.5183971342896 809.6849696880596 0.0)
(426.08365897420265 730.907163029142 0.0)
(467.45054396114637 871.7319678838002 0.0)
(-305.5394775946458 1611.7567671461525 0.0)
(-113.38782263872885 1427.6023939817294 0.0)
(498.68103074629397 -242.74534695435815 0.0)
(464.525514752513 -278.50395649119866 0.0)
(1508.9600811779699 -718.0557864625194 0.0)
(277.0076293554283 -470.49694808889467 0.0)
(238.34927398233648 -520.851157378634 0.0)
(-312.4552624692147 440.98785931424305 0.0)
(-555.2597341143355 247.78195347664365 0.0)
(-504.00838422439153 212.19549919937924 0.0)
(-495.6455794574314 260.906293093409 0.0)
(-681.637332451425 955.0248684648185 0.0)
(-654.9757299488836 1173.846994776316 0.0)
(500.632218743677 -1655.4743398680173 0.0)
(-524.8080267778321 -1501.8212939517216 0.0)
(-771.559258138477 -1320.846939275232 0.0)
(-797.7147301403544 -1573.2968478439257 0.0)
(1559.1505465975035 707.9520432272634 0.0)
(884.8946418882555 228.88829437881725 0.0)
(851.7517481524392 131.3458806895276 0.0)
(1005.3877062705641 181.2448259705579 0.0)
(-356.62503572863193 -1724.468068805889 0.0)
(-1170.6021687833227 682.8427104972444 0.0)
(1695.5089956140284 -484.13020167358957 0.0)
(80.87143867780405 1224.0486553305373 0.0)
(112.2920509194612 1039.009771128839 0.0)
(239.71110328726834 1074.463947826862 0.0)
(230.0834979903063 1729.4742302432176 0.0)
(78.88240487819985 -552.3360131904975 0.0)
(26.499159112041767 -562.3985492842855 0.0)
(949.274815137746 -1062.144997329081 0.0)
(-1107.6452907082485 -632.397225256763 0.0)
(-897.6381901968381 -581.5884903989711 0.0)
(-1023.1122743514441 -422.13282913331926 0.0)
(-351.5251270075833 -934.9095066066076 0.0)
(-758.8254902369181 -493.1014487346278 0.0)
(-627.861678809872 -504.528296694592 0.0)
(-670.1920813451455 -406.1117821720105 0.0)
(558.8589214057985 -2.4988290059592546 0.0)
(1347.814953592186 440.01217327045396 0.0)
(591.8134010023791 -1388.1816907340706 0.0)
(418.13608693130504 -1189.9742253307934 0.0)
(84.62538844403186 -1476.7376420174464 0.0)
(-199.9866286086042 -1506.5771240076124 0.0)
(-1625.9425668048118 39.22826177643091 0.0)
(-1755.0480952986356 226.47883037081095 0.0)
(-1206.197676905288 -122.4861807852025 0.0)
(-1316.729450225395 99.625704215794 0.0)
(1428.692035592863 -2.167334607234419 0.0)
(1283.0886926631729 -271.0281678442444 0.0)
(1458.8591078463894 -457.9267442864126 0.0)
(857.1680865995211 -1326.1070415072554 0.0)
(-755.7442507162971 1400.5127404818415 0.0)
(-139.42124106008242 1215.0584755197503 0.0)
(-1018.2491192377523 421.08731686929355 0.0)
(-951.8810233874644 567.241402257353 0.0)
(-414.6077421133307 447.7665835224854 0.0)
(-344.01093418195 482.006371533724 0.0)
(-402.75207973999505 543.6852210336984 0.0)
(6.911124898960985 553.2194384881011 0.0)
(-50.5763868605159 559.776095386911 0.0)
(-572.6303235118315 795.5354952088176 0.0)
(-483.1002520437111 917.1600974201715 0.0)
(308.14491670375895 -433.05928429138226 0.0)
(369.31596340694074 382.71262308292285 0.0)
(419.61869064440305 350.9856030008846 0.0)
(590.9906373151105 1237.5719274939256 0.0)
(327.15199916793523 1264.8607564676622 0.0)
(422.3600106584636 1062.8237844121932 0.0)
(-74.06090740605065 -549.836833664728 0.0)
(-382.0791194026627 -392.3460045304176 0.0)
(-592.3987209426606 -104.431050853556 0.0)
(-764.4500977261345 -731.2521834288331 0.0)
(-939.7675271324371 -776.4925784965654 0.0)
(744.6474112787059 93.0822975416023 0.0)
(814.7924786071167 47.187449758863664 0.0)
(424.0659415648173 1493.7961579711732 0.0)
(1187.845042758368 -563.1871987904384 0.0)
(351.4942388509498 -1440.244312766764 0.0)
(554.2140935037979 -658.3044317073004 0.0)
(671.749284291732 -607.0402325034 0.0)
(564.6185873704995 -543.9980001920364 0.0)
(-13.282743280699345 -541.8301593250756 0.0)
(552.8300094794529 153.5971121063596 0.0)
(513.1141198037366 184.21207095160617 0.0)
(159.31396978835855 518.537432832748 0.0)
(168.6600244225003 576.7237162545115 0.0)
(118.51250488968435 548.860724151917 0.0)
(-16.969836079251543 613.2275848049266 0.0)
(-594.792097307834 524.603116330465 0.0)
(-719.040720257968 493.86443628066615 0.0)
(-627.7080949800561 413.3214915534976 0.0)
(-273.5808979879395 485.7029041897493 0.0)
(37.33799686664911 598.1832165290225 0.0)
(28.806709321002824 662.1849017534125 0.0)
(493.8866022429038 237.96204036737095 0.0)
(-442.99544682775075 -524.887702923815 0.0)
(-353.2889437340969 -563.9814606577295 0.0)
(-521.3052226060515 -176.59565669146374 0.0)
(-446.11439544092724 -391.29204373630733 0.0)
(-410.6648522058933 -352.16471888090376 0.0)
(331.62028246707047 717.4077929771754 0.0)
(192.05478922467384 -565.5253731672495 0.0)
(-204.21273495860564 508.20002669395393 0.0)
(918.3385291113974 -246.46567883333213 0.0)
(840.7423440635044 -184.02354079528536 0.0)
(809.2974080252835 -260.5042087629177 0.0)
(398.84666803931697 -394.2651230014993 0.0)
(65.77365563828725 550.456621719285 0.0)
(-532.9748222312545 -294.5051225290315 0.0)
(-619.4248856416915 -269.4377942339852 0.0)
(-600.6346107327377 -350.1840356160615 0.0)
(-547.461973627648 123.7127887861254 0.0)
(-460.9119779405099 306.4311843197136 0.0)
(502.4303529144145 445.65821343337586 0.0)
(460.3034716993994 396.2008771261229 0.0)
(-84.44048589575651 615.4594516695425 0.0)
(-139.8103235482322 668.9647773847651 0.0)
(-144.5574591408969 604.6569994135505 0.0)
(-511.048350275586 164.702261107898 0.0)
(351.39156055822895 -411.909549887878 0.0)
(613.5148447533555 -184.35497671889055 0.0)
(570.145404529093 -249.56411782126258 0.0)
(647.000878632231 -253.2574232738876 0.0)
(-534.3744359704735 -92.0400819261396 0.0)
(-147.09828815399482 516.976105659194 0.0)
(585.7747391489925 49.2796556059098 0.0)
(602.7174467720315 111.51736231158179 0.0)
(540.9656750251379 90.67458405700015 0.0)
(-141.2961327651807 -524.177937017553 0.0)
(-180.1019576665781 560.323974964688 0.0)
(-254.13307420810443 556.7474501392679 0.0)
(-466.60460295900504 -280.72450758140735 0.0)
(-605.4312269212555 73.5178913424926 0.0)
(459.0026468984904 -316.4185061503382 0.0)
(302.1845723766173 -525.1877667678884 0.0)
(-564.0043792085099 -220.68795575557183 0.0)
(460.5007538723434 -415.50217896399244 0.0)
(481.9382386990344 -354.43334611771354 0.0)
(-409.5416382909198 -447.6148912096123 0.0)
(-18.995775018466567 -595.3144713546454 0.0)
(-108.62850860801886 552.739531623797 0.0)
(-249.1985539724759 -501.63910690188453 0.0)
(-190.79215115606084 -501.8445298302755 0.0)
(534.846200414665 40.06944386221512 0.0)
(-383.757090527219 384.85933880355094 0.0)
(-353.3152112863431 429.15021667568556 0.0)
(-464.3011875680284 -332.63659210361544 0.0)
(458.5540965000471 294.02581093646006 0.0)
(517.417753175032 300.8337325375414 0.0)
(717.9338971065965 296.42376516280285 0.0)
(662.6673078420671 219.71671211608404 0.0)
(765.1544876336205 199.12835452919856 0.0)
(370.15130158105075 -520.29658810622 0.0)
(395.5156897535864 -454.09052609675797 0.0)
(332.5639697978225 -469.3059911114465 0.0)
(570.8308872904175 232.93652091100606 0.0)
(581.745900252845 331.5301687086041 0.0)
(639.3720401237146 290.24327108017013 0.0)
(-744.2761668812751 191.8523866571415 0.0)
(-671.560119106798 141.48433687702942 0.0)
(-678.7484291394175 234.36089058904736 0.0)
(-682.2318377879055 -605.1293066009836 0.0)
(-775.7864039869489 -602.7678572908535 0.0)
(-489.9577173466292 -445.7842853610572 0.0)
(-151.89613433018556 -631.004183049223 0.0)
(-82.46443152299025 -618.3828451712099 0.0)
(-128.9688805951119 -575.2329769129926 0.0)
(578.3493875675596 422.3068770888564 0.0)
(544.891491923982 517.8136750884386 0.0)
(475.6387022327919 342.1718629542897 0.0)
(-491.6367204371922 421.10673564339567 0.0)
(-489.9953966271236 498.3465887255428 0.0)
(-445.25319955236256 374.81204586693906 0.0)
(-577.8924206683771 324.3908227264003 0.0)
(-617.9456312414959 265.2944929812187 0.0)
(-508.4072028108865 350.4586168681406 0.0)
(-519.8944609859885 297.2459914204506 0.0)
(-770.684226361673 -341.44007442684193 0.0)
(-672.890509832609 -322.45332027853357 0.0)
(-703.5167450817979 -245.09291494376862 0.0)
(-574.537747220058 -429.61999209190645 0.0)
(624.3123022539426 -3.633912908117525 0.0)
(655.8846993269425 61.76392917276975 0.0)
(952.3303797017674 -88.80905028993465 0.0)
(1053.0946307161507 49.1570984073086 0.0)
(917.3157588735565 49.453525843792704 0.0)
(12.514825233880895 752.988310662274 0.0)
(-55.65012714606285 692.1776248664625 0.0)
(98.9435249698278 613.1041309087445 0.0)
(-17.101531329765642 -668.805523587515 0.0)
(54.4966492165182 -623.4987383370731 0.0)
(-195.87661143121124 -562.730957266856 0.0)
(-276.2695954770053 -570.6868119866396 0.0)
(-230.32283108854477 -636.087768766231 0.0)
(-268.4156870631855 -718.7408079290205 0.0)
(-206.35427076668364 -806.7021850826129 0.0)
(-219.81629118038225 810.4878874032454 0.0)
(-226.85064416904905 927.6363126878924 0.0)
(-341.5933527803441 851.415372246418 0.0)
(60.187338328335855 -707.5641371444692 0.0)
(281.0091157731908 -757.58562075967 0.0)
(160.5381388304661 -745.2786111942646 0.0)
(215.57430808485196 -831.4836197468595 0.0)
(265.76293037117335 -599.1909543361035 0.0)
(405.88626358717477 -591.2998139310215 0.0)
(488.6404987124809 -599.2751739695375 0.0)
(459.63988467275607 -513.263725509512 0.0)
(-320.46242229912 -638.4835377744171 0.0)
(315.85526384819354 628.7421590011486 0.0)
(246.9931906936376 690.9304320843266 0.0)
(236.78065405519536 603.949077364231 0.0)
(170.62226088168055 653.8924821662341 0.0)
(520.587096724734 371.2247799859889 0.0)
(832.2633569873759 308.3002006790254 0.0)
(761.4324203640534 395.3700289395657 0.0)
(-735.6160192015866 728.9804520251461 0.0)
(-598.5974854433185 652.8467548563675 0.0)
(-501.55534206391707 589.7062368885615 0.0)
(683.878864709682 -113.88760730155064 0.0)
(723.0291207236075 -15.21597196244559 0.0)
(641.4729657146946 -61.4060537217967 0.0)
(837.2183540072724 -22.72848331815871 0.0)
(-17.62197310565975 -754.5543723106483 0.0)
(-43.73316960174474 -1013.5197431403132 0.0)
(-7.280705358229945 -869.4587466742015 0.0)
(-136.90438622475676 -903.6275514973009 0.0)
(669.684872804688 714.9207694446324 0.0)
(647.5892259104139 848.5961938110072 0.0)
(-775.8580725025305 11.657851390036704 0.0)
(-774.7827807465134 -94.49949436162815 0.0)
(-707.5128640445321 -30.42618890981548 0.0)
(-673.7456643166545 -98.83245702206315 0.0)
(941.0642285058079 -542.18453946916 0.0)
(714.668112164859 -312.38415974127827 0.0)
(840.1608116946985 -345.1281625266744 0.0)
(545.098642105918 -384.18718008737847 0.0)
(524.1914231518265 -462.4631082480748 0.0)
(589.9876723214539 -455.8268316575984 0.0)
(316.5354586438321 924.502186542971 0.0)
(-555.0342641161 -1188.304864754713 0.0)
(206.72747951548413 -948.6670922614566 0.0)
(100.1749623555219 -1079.088952752032 0.0)
(255.91073453051825 -1085.5156846420125 0.0)
(1009.6005223048741 -375.8380214386592 0.0)
(1230.1473785562944 167.59682311490135 0.0)
(818.2640830355608 764.650092257426 0.0)
(796.1746452176405 1025.6467088520524 0.0)
(844.5164499418566 1272.3856834014034 0.0)
(-1123.0593623714958 -939.0517069719044 0.0)
(-571.2743374963363 -163.48440981169776 0.0)
(-540.7288595159675 -132.1792285730569 0.0)
(-219.65098241616255 631.0505851831639 0.0)
(517.607660348554 -305.96908972105956 0.0)
(-1431.01076750276 508.2161816563525 0.0)
(-1501.5928929398067 279.2608708608375 0.0)
(-956.8292904784676 0.024250370467462232 0.0)
(-858.1392557384315 -27.93415759460894 0.0)
(-856.7703897908434 68.8299399918032 0.0)
(-486.2121078110524 -711.728746434525 0.0)
(-419.148873197592 -622.883687752389 0.0)
(-541.108367553894 -596.936980035353 0.0)
(-976.0550264468199 -1192.946595512296 0.0)
(-1044.2222453971617 -87.01230082707049 0.0)
(-1059.510254904997 -236.8890729194296 0.0)
(925.871850087277 543.265492754475 0.0)
(995.88857449568 670.3816112979385 0.0)
(855.6994402713341 619.1741318949835 0.0)
(155.83171638257178 1475.8923774576751 0.0)
(-875.9156993410484 -423.79361625731116 0.0)
(1172.7319463769184 -60.356410403139996 0.0)
(-548.8401715611185 452.14057978471527 0.0)
(-917.923242038644 863.0317618032959 0.0)
(1067.2180140316261 -208.4994657618621 0.0)
(815.7541411009634 -658.0197387061445 0.0)
(-518.1847935754396 1072.209127402789 0.0)
(493.9879118549324 -872.7529679125255 0.0)
(326.2767011528983 -861.747290566697 0.0)
(368.0558140243213 -995.0266291639784 0.0)
(-806.4552087224375 585.2740568592686 0.0)
(-916.5734215146684 685.442685556744 0.0)
(-1253.1961850525922 376.65061274473794 0.0)
(-1100.710242280662 224.15922501526805 0.0)
(-966.9902428441934 135.8777993338316 0.0)
(-956.3950222245035 264.5167552526875 0.0)
(-1097.9089724759435 42.26732889206869 0.0)
(196.36509314717148 -1247.4364724474447 0.0)
(589.721132226827 1008.1616159765197 0.0)
(641.3553142620525 -395.44745334600026 0.0)
(663.62026054901 -494.160013801422 0.0)
(749.127515959646 -419.6650687511716 0.0)
(-245.70203010276535 -901.3050285656556 0.0)
(-908.8198684305892 -292.4257132443713 0.0)
(-916.9446366242299 -131.8831075732193 0.0)
(-30.917281544357635 1049.5932062680647 0.0)
(-788.013506769804 -999.697465053666 0.0)
(-533.1469916634 -499.7887248270625 0.0)
(-281.25949698078006 689.9051669141315 0.0)
(-370.29012166434626 720.9326904656854 0.0)
(-326.48882321472695 616.1165495663975 0.0)
(806.945974631773 509.5015317905605 0.0)
(862.307542980858 -442.079328756578 0.0)
(778.4903735873091 -527.774157274132 0.0)
(-121.01283928563825 956.4557459877725 0.0)
(-213.02239708279012 718.7095670039585 0.0)
(-525.0388938618526 -956.4456614306779 0.0)
(-394.03146188551636 -1080.0787214072384 0.0)
(-611.392807940754 202.22110730412547 0.0)
(735.4702899537905 618.9108616864904 0.0)
(340.5940695249124 -663.5683184054266 0.0)
(449.47308782778384 -674.1023840653115 0.0)
(653.7982496388134 -759.9850533393633 0.0)
(896.193099670816 423.32476013983586 0.0)
(-106.09145227399115 -790.0339500230647 0.0)
(-175.16496763279025 -713.0461471154125 0.0)
(74.59792693495761 -953.3387464522247 0.0)
(117.10106776375665 -855.95919743312 0.0)
(-843.098490468846 199.71060777299428 0.0)
(-755.5767384364434 277.585390575976 0.0)
(-419.1799728296913 630.434912865856 0.0)
(-540.4188497492835 -806.5698629948125 0.0)
(667.9912823753871 491.77796268787984 0.0)
(657.8041546316925 371.2753456113131 0.0)
(-133.11972103740646 753.1249553197441 0.0)
(-692.17763310927 596.5213623102779 0.0)
(388.8214106380874 651.508844084084 0.0)
(-610.40830664879 -712.6828717464269 0.0)
(84.5541599266189 919.8780089051545 0.0)
(-645.665930951173 -841.3296089308834 0.0)
(399.0458178509721 -764.259362795816 0.0)
(-666.4347643445955 317.7176908098769 0.0)
(-549.2596572284006 393.10749258353826 0.0)
(-127.46647148682949 849.3246748100049 0.0)
(-21.634501540685182 873.0508794512733 0.0)
(190.9743674630561 932.8438393921274 0.0)
(252.753733320005 809.5430662527665 0.0)
(-453.61349989313123 798.9819284219396 0.0)
(-800.209462739923 -208.1393963340008 0.0)
(-284.4775673337772 758.7240298186999 0.0)
(-716.6241438793215 -167.54236076648314 0.0)
(610.9391136287755 171.6135089631756 0.0)
(-63.422879999824794 783.2483040288255 0.0)
(62.211892782418005 -787.2155511910971 0.0)
(118.6008535760384 -666.0320262462155 0.0)
(793.9540824161746 -106.52601419817314 0.0)
(336.6297510945406 -578.626903662461 0.0)
(186.20072226369945 -642.7775895979321 0.0)
(506.22328808112746 -747.0519103877054 0.0)
(299.36532179090733 538.2207637507686 0.0)
(389.65730754550674 573.597194769711 0.0)
(456.9097540429131 516.5768191423641 0.0)
(-485.9777909010393 698.0730031178715 0.0)
(-693.5785318474665 45.92688045837048 0.0)
(-764.3646128473955 108.05012875609916 0.0)
(732.8138870053116 -204.052687662839 0.0)
(672.3351091075425 142.6793851564691 0.0)
(-319.4512368256671 537.401132663039 0.0)
(93.65825714026944 706.3678989100415 0.0)
(-308.4682103365828 -521.198040552719 0.0)
(-635.0998916643696 -182.06188881057432 0.0)
(246.82099535268839 -681.6802188586789 0.0)
(129.50456405961305 -599.0957300763055 0.0)
(-93.04212038154914 -696.2390802337835 0.0)
(598.4882876449476 -111.76993954515885 0.0)
(-518.5881846858044 -374.45021164751313 0.0)
(603.8621447085345 -315.9311744251676 0.0)
(-598.478208294824 144.04205956619677 0.0)
(-554.2777916463635 181.9660740654662 0.0)
(-223.2873726469346 -334.28054453632484 0.0)
(-261.4174094009254 -372.51525008029427 0.0)
(-216.83729558980212 -394.32726800684094 0.0)
(-403.2687462686964 -203.82245443383096 0.0)
(-414.3446199455289 -161.82420947407425 0.0)
(-441.38537054358983 -136.07895261428365 0.0)
(-444.2211054300116 -87.0122747782305 0.0)
(-444.5408960566996 -21.843013137602977 0.0)
(-458.25213272413777 30.58442343755789 0.0)
(-436.62899008330294 81.98302712613285 0.0)
(-428.37151366560937 145.27619214509252 0.0)
(-384.2747652046414 163.18492260601911 0.0)
(-409.81050919767216 198.2335009765304 0.0)
(-230.51387110532633 266.08654636206813 0.0)
(-253.19342465937765 209.9758455908947 0.0)
(-198.8296601241116 217.38721070481128 0.0)
(-303.5127676561805 337.3373336477942 0.0)
(-223.31406604928904 390.48730965762394 0.0)
(-269.4134304096736 373.42402924134075 0.0)
(-193.52914017972176 305.907491561357 0.0)
(-241.04283581902212 330.61838357962756 0.0)
(-174.06308124921847 412.084262601493 0.0)
(-184.7377805671539 353.5477244205161 0.0)
(-142.0686105738776 317.2177715032472 0.0)
(-108.51408327201645 258.4108327285738 0.0)
(-90.11145993146225 307.42287081309917 0.0)
(-105.04054745465689 449.50278105700204 0.0)
(-57.214248401159104 452.2679803264986 0.0)
(104.98330168653271 427.8870637477122 0.0)
(49.78509052324852 449.1550947918388 0.0)
(-2.0877465558680823 455.94622070110296 0.0)
(164.0219170512947 415.0636045553007 0.0)
(301.45724787623163 275.43112424940665 0.0)
(308.84727623141146 326.1892559477633 0.0)
(257.6918689756144 302.3888174319774 0.0)
(261.8662522812653 360.40892798374495 0.0)
(213.05329776194378 390.25188832694226 0.0)
(348.8719796703069 291.3764916692114 0.0)
(337.3539557415119 251.44840097739052 0.0)
(380.394796137368 250.43691235866794 0.0)
(447.9355912220778 86.62876300279004 0.0)
(415.2545529152007 161.00362833644965 0.0)
(442.2355024689642 133.78150760481867 0.0)
(403.17776890796205 202.22150810149165 0.0)
(450.62526104551 -25.474447501683038 0.0)
(264.9102876466651 -312.0093703272633 0.0)
(269.4259542554278 -363.29530550034957 0.0)
(311.5591851472516 -327.44483275056683 0.0)
(440.41585547463274 -84.36904674218371 0.0)
(426.5473894244781 -143.9409388306272 0.0)
(414.80525387693785 -194.45486568796045 0.0)
(382.915712297284 -236.89914655256564 0.0)
(225.5840396936875 -342.2727013178909 0.0)
(173.50661026154205 -420.08197078308444 0.0)
(222.46074005359915 -394.73475335831955 0.0)
(183.9316530488528 -366.45880776867546 0.0)
(16.090821895157706 -454.89850214978003 0.0)
(91.66837941894825 -429.66741463323956 0.0)
(130.4718735881562 -388.2614693071373 0.0)
(81.87173183867675 -386.20575167875165 0.0)
(-114.17882549559205 -440.85234083654643 0.0)
(-63.6312516438614 -450.4625162404476 0.0)
(-165.65968362025316 -419.42077622585714 0.0)
(-20.803941756645237 -363.8111641660878 0.0)
(-63.152535588690206 -316.4806759801404 0.0)
(-74.3650943109727 -373.85258124528207 0.0)
(-351.39909803878663 -292.65777635251163 0.0)
(-335.7320662758848 -253.7799446976005 0.0)
(-378.9371261786099 -251.0432757483948 0.0)
(-323.27082069977723 -329.9201688644771 0.0)
(-280.1732296412037 -334.5604380854421 0.0)
(407.63095805812674 50.533176792856054 0.0)
(367.828602486095 4.106318602129856 0.0)
(416.3945093081022 2.801575969964636 0.0)
(-396.8776443857216 -55.3052502407775 0.0)
(-355.9138449044038 -22.8759531651727 0.0)
(-395.6895785139506 -7.890053466905699 0.0)
(-67.15064773972836 -211.22275979174046 0.0)
(-27.72633199797763 -258.49248561567833 0.0)
(-23.268552716489065 -206.44343551368829 0.0)
(-262.21320726304936 -0.5995573821867315 0.0)
(-217.1741621272287 -42.53162505917252 0.0)
(-200.22927923645207 10.13379171559532 0.0)
(-129.46822603331364 158.32930155172005 0.0)
(-176.80623176711035 143.31553355060313 0.0)
(-153.05658421427145 106.6936022861336 0.0)
(225.8481767253752 110.2237759229234 0.0)
(279.08776739127404 114.01683856392995 0.0)
(249.77180661942586 160.75075863339305 0.0)
(453.1072783818426 29.52594750768 0.0)
(4.575708945162168 -408.8256549004702 0.0)
(-23.214522822961918 -444.73849762471394 0.0)
(265.3833359412441 -181.72839842627315 0.0)
(210.50878969438745 -182.96208370457583 0.0)
(246.5274413386638 -219.5943104308514 0.0)
(52.11253152327735 399.7250711535947 0.0)
(-146.62605852952703 214.68355217257647 0.0)
(-169.2826028332288 262.06703194132604 0.0)
(-357.9261094494608 201.60970949545683 0.0)
(-261.88268530067774 -53.3107905628909 0.0)
(-292.6395760542403 -89.53685824322245 0.0)
(-233.08279655636295 -99.03635835226369 0.0)
(116.75777395686434 212.82143114126853 0.0)
(71.2229033629191 194.20350099675403 0.0)
(97.80778206129665 166.73406099780286 0.0)
(19.037252081517934 -222.80485091588906 0.0)
(9.970798954284145 -167.59923096539188 0.0)
(240.98678652888063 10.38265494481526 0.0)
(235.77769627622544 -40.54302549932218 0.0)
(274.32211765565086 -21.255248436005044 0.0)
(178.64396427270947 -58.03200318480901 0.0)
(154.55500429092535 0.2624045476615038 0.0)
(126.12057884799086 -43.78921369498135 0.0)
(128.51163655861146 -104.2859720728469 0.0)
(78.7062378022141 -116.81155761781625 0.0)
(98.01267005033296 -154.35420385331918 0.0)
(-90.76315746145231 -258.43944196849156 0.0)
(-123.30569487053835 -212.63200938175146 0.0)
(-146.49039108728294 -261.66796565983236 0.0)
(67.15029743020196 -243.1909124919278 0.0)
(61.02801003941985 -298.7371234743079 0.0)
(118.3102518079634 -273.511974049266 0.0)
(144.37958032413755 153.1872771535435 0.0)
(168.082003006429 196.06241130673573 0.0)
(-3.4631920899322215 238.53026909727245 0.0)
(-45.21825523828571 281.75728257606147 0.0)
(-57.4342466859339 221.44781534049903 0.0)
(-45.41667366636637 -166.0017546865627 0.0)
(-98.69462970617481 -158.30811722490665 0.0)
(-13.991935919691395 -29.146307669954876 0.0)
(-35.829571253287064 10.014017861388458 0.0)
(-66.8624797666819 -22.87640218765711 0.0)
(143.2229504800304 95.57705139288244 0.0)
(180.66298889307035 114.00670895832575 0.0)
(98.4802268128858 72.76376039442025 0.0)
(136.57656068310146 46.615116297053 0.0)
(-32.91244758486829 52.3626676900493 0.0)
(-68.1663729694389 85.09747529153661 0.0)
(-73.33371778294361 29.787308326745787 0.0)
(-257.0331057300097 110.6787255867698 0.0)
(-296.6224056167337 60.233944087983545 0.0)
(-233.94194712776252 57.9841351611729 0.0)
(-224.70447259763273 -220.23502439530978 0.0)
(-257.5510187962613 -249.42509423333948 0.0)
(-207.95820468514515 -268.8544727152801 0.0)
(3.8420021061157703 379.70313748425457 0.0)
(16.734275891818573 420.02879799885113 0.0)
(-28.306939624962613 414.3961602817186 0.0)
(210.2933043932098 330.4492622189848 0.0)
(211.5141816444081 273.4562245660363 0.0)
(128.76920354979654 -440.93654764707645 0.0)
(-14.649239198144992 330.90856993742386 0.0)
(-46.84625234110857 368.27284889291786 0.0)
(-59.60740051576425 328.2934127953588 0.0)
(-95.1489500573672 351.43505446225447 0.0)
(-136.3461502735969 376.8554741001382 0.0)
(395.3401737210546 113.59113278675845 0.0)
(356.2423195839898 64.54875856060305 0.0)
(350.6256767814232 -56.1133945278035 0.0)
(380.18392717788134 -103.71211795156506 0.0)
(401.01230537894077 -43.7935186918568 0.0)
(-393.22384125609364 -116.83477930787154 0.0)
(-347.6766001531707 -75.3754275888815 0.0)
(-388.36243894204904 71.30824029348895 0.0)
(-344.16127417894967 92.18161197257776 0.0)
(-386.7616438387612 119.64506245694535 0.0)
(-325.7100123214387 246.78292699958584 0.0)
(-305.55103931917296 203.13638294782365 0.0)
(-279.4729348669548 243.90138976748375 0.0)
(-274.55897834512643 -142.62601823712995 0.0)
(-216.3226195101732 -169.5040524984739 0.0)
(217.62277021439135 210.86841574716075 0.0)
(269.0535705478789 203.54380476523477 0.0)
(32.880031559315604 -107.0233584365115 0.0)
(55.92840187230705 -147.96525755733438 0.0)
(-56.60955965194695 -78.30680919868705 0.0)
(-304.6840322722319 116.2519017184122 0.0)
(-338.50404987170396 151.1601479560704 0.0)
(-265.33548779722713 -198.25804359986466 0.0)
(252.89806580545454 62.045033584378196 0.0)
(259.8347937843675 248.48155088258935 0.0)
(304.26123827230896 225.85897893298372 0.0)
(58.2029699625872 243.62410222386126 0.0)
(26.392075605656256 -268.1379717080085 0.0)
(4.652171645178124 -311.1068143597017 0.0)
(329.7657569846062 -128.8904776680786 0.0)
(290.34766762436533 -80.0876459912776 0.0)
(288.7518787906709 -140.80516037411007 0.0)
(350.51996639862796 -285.40529606480123 0.0)
(300.12302979148694 -273.91058613299555 0.0)
(-82.82721551387955 -413.815256892876 0.0)
(-43.37771951719311 -409.250945178313 0.0)
(-179.8888422020656 -218.74589232873208 0.0)
(191.30036111846542 -322.14762749277884 0.0)
(176.66992586302723 -280.0597990333708 0.0)
(149.11942629124286 -329.25736543590205 0.0)
(60.98076983273075 -191.98983877053723 0.0)
(368.5216908892343 -174.64011005716702 0.0)
(332.9868524000472 -231.83859304945906 0.0)
(-380.13293062129827 246.95695570655025 0.0)
(317.0141215171798 -17.62098958011027 0.0)
(-285.73764844180084 287.5026156588069 0.0)
(-344.014361656483 292.45766852055294 0.0)
(25.694997160233257 104.41067471014075 0.0)
(4.711378362016093 66.98078528276235 0.0)
(47.7722769397824 52.6794577380243 0.0)
(-163.4888967947328 -26.44427467668564 0.0)
(163.29020072189945 246.6713658346742 0.0)
(-87.20698675652815 404.90075839649677 0.0)
(-132.58234763526093 423.67328305009335 0.0)
(150.35230439154947 -163.41391632406567 0.0)
(109.7641124840888 -208.15345635594304 0.0)
(163.00640668679793 -225.0504201802147 0.0)
(351.74704038415746 211.7713650657953 0.0)
(-304.23218085616065 -228.45533006245046 0.0)
(-350.9617791620832 -214.1210552978012 0.0)
(-332.1138501278429 -129.57777111975466 0.0)
(335.73709534649316 118.65454908561865 0.0)
(-306.52254584226125 -37.29478359841384 0.0)
(198.35968981485217 156.7635666570314 0.0)
(327.01671912549625 28.933895425968487 0.0)
(-62.025480123374855 153.06573866556582 0.0)
(-18.25080833672096 193.70616556590355 0.0)
(-222.00052962411056 162.82711561683186 0.0)
(-204.22194952355954 107.1515172331338 0.0)
(27.219633247788682 196.1061417453688 0.0)
(55.711152799823154 149.67683788556866 0.0)
(-414.03342682344714 30.11548641710774 0.0)
(-115.54781459020475 -3.1354873231909175 0.0)
(-22.452210613203942 -119.48834332805099 0.0)
(-6.89306770112555 -78.23799016761001 0.0)
(200.29359969793944 -6.729619105281265 0.0)
(-177.9143552816441 59.6348492705879 0.0)
(-155.3527510546382 18.58447059914323 0.0)
(-116.43995335127589 -62.5461193099041 0.0)
(2.4095846570673287 23.04639712847993 0.0)
(40.63652804107813 -11.03315482119087 0.0)
(25.70833611989894 -57.2251322048457 0.0)
(-120.95816332402096 -393.06146864077834 0.0)
(46.31611154739549 343.6980230700059 0.0)
(109.48201143766785 334.207101622713 0.0)
(160.3521517769661 301.8779352808313 0.0)
(164.15594161616127 359.2591711986765 0.0)
(-169.85626459866515 -365.16954821455204 0.0)
(368.62864104498857 165.17802945484007 0.0)
(-368.956898715139 -168.32258467204613 0.0)
(127.7329672758854 383.70523518728703 0.0)
(88.9462798093673 378.3189632569236 0.0)
(-164.13668549287055 -311.8783552542641 0.0)
(-301.4617641802685 -285.03708969401623 0.0)
(-254.08631798996268 -294.43152785288055 0.0)
(337.73075714206897 -92.2009090346812 0.0)
(56.944268454193846 -458.1986463956724 0.0)
(48.986510100905136 -416.0065443939408 0.0)
(245.81568933973315 -130.5746491250079 0.0)
(227.97407953292026 -85.98358213522896 0.0)
(189.27131957799608 -120.76212736522356 0.0)
(311.1651199432407 -180.83810305980202 0.0)
(40.91722484844955 -359.8860051653224 0.0)
(97.3146712369246 -337.20732489411813 0.0)
(111.78305630827485 273.10348000576107 0.0)
(67.6815115790396 295.783394809519 0.0)
(17.66841872411539 289.4312140503298 0.0)
(285.4467472538947 -225.3133828330024 0.0)
(255.31513990243488 -261.45204177288053 0.0)
(221.19676069551656 -292.68946390805485 0.0)
(74.94423733383435 -62.58548354126249 0.0)
(-120.6836205331808 57.2615786283484 0.0)
(-280.7277702156602 159.62373970308454 0.0)
(-139.99913274520932 -117.4767384963308 0.0)
(-156.84650102652606 -167.40787931680563 0.0)
(-118.79839033673666 -343.8010202611835 0.0)
(-118.4294896024588 -297.49658013841173 0.0)
(96.55244187641256 7.878355897342555 0.0)
(1.048781043921373 151.43417021971135 0.0)
(-95.4543465712061 -108.41924626485094 0.0)
(-176.1894204085972 -79.17067868258485 0.0)
(-184.48809404937376 -126.5191414692918 0.0)
(-99.7722725538721 199.69832784653642 0.0)
(191.5045471209565 54.2818736652481 0.0)
(-105.69324504066654 111.48510495218301 0.0)
(287.48431633160305 21.59276394586963 0.0)
(306.05215292755196 69.1919396845321 0.0)
(-316.2997726824465 6.4159326873782705 0.0)
(-314.6436566780086 -179.3027421724843 0.0)
(-20.861708096169497 102.9991690776182 0.0)
(-63.72548404177965 -126.1048541406117 0.0)
(100.96749986273915 123.7812578118796 0.0)
(65.72523071509275 100.6623977080067 0.0)
(-174.74614121563465 179.30854271930855 0.0)
(212.4330558797713 -242.20129161406663 0.0)
(307.40317913984296 172.69436128440086 0.0)
(-360.22685978578426 32.616013494681056 0.0)
(-2000.0 0.0 1.0)
(-500.0 0.0 1.0)
(-1969.615506024416 -347.2963553338607 1.0)
(-1879.3852415718168 -684.0402866513376 1.0)
(-1732.0508075688774 -1000.0 1.0)
(-1532.088886237956 -1285.5752193730782 1.0)
(-1285.5752193730782 -1532.088886237956 1.0)
(-1000.0 -1732.050807568877 1.0)
(-684.0402866513376 -1879.3852415718163 1.0)
(-347.29635533386084 -1969.615506024416 1.0)
(-1.224646799147353e-13 -2000.0 1.0)
(347.2963553338606 -1969.615506024416 1.0)
(684.0402866513376 -1879.3852415718168 1.0)
(999.9999999999995 -1732.0508075688774 1.0)
(1285.5752193730782 -1532.088886237956 1.0)
(1532.088886237956 -1285.575219373079 1.0)
(1732.0508075688774 -1000.0 1.0)
(1879.3852415718163 -684.0402866513381 1.0)
(1969.615506024416 -347.29635533386136 1.0)
(2000.0 -2.4492935982947065e-13 1.0)
(1969.615506024416 347.29635533386096 1.0)
(1879.3852415718168 684.0402866513376 1.0)
(1732.050807568877 1000.0 1.0)
(1532.088886237956 1285.5752193730782 1.0)
(1285.575219373079 1532.088886237956 1.0)
(1000.0000000000011 1732.050807568877 1.0)
(684.040286651339 1879.3852415718163 1.0)
(347.2963553338607 1969.615506024416 1.0)
(3.67394039744206e-13 2000.0 1.0)
(-347.29635533385994 1969.6155060244164 1.0)
(-684.0402866513381 1879.3852415718163 1.0)
(-1000.0 1732.050807568877 1.0)
(-1285.5752193730782 1532.088886237956 1.0)
(-1532.0888862379556 1285.575219373079 1.0)
(-1732.0508075688765 1000.0000000000011 1.0)
(-1879.3852415718159 684.040286651339 1.0)
(-1969.615506024416 347.2963553338608 1.0)
(-496.057350657239 -62.666616782152154 1.0)
(-484.2915805643156 -124.34494358242739 1.0)
(-464.88824294412564 -184.06227634233898 1.0)
(-438.1533400219318 -240.87683705085766 1.0)
(-404.5084971874737 -293.8926261462366 1.0)
(-364.48431371070575 -342.2735529643444 1.0)
(-318.71199487434484 -385.25662138789465 1.0)
(-267.91339748949827 -422.16396275100755 1.0)
(-212.88964578253635 -452.4135262330098 1.0)
(-154.50849718747375 -475.5282581475768 1.0)
(-93.69065729286224 -491.1436253643444 1.0)
(-31.395259764656654 -499.0133642141358 1.0)
(31.3952597646567 -499.0133642141358 1.0)
(93.6906572928624 -491.1436253643443 1.0)
(154.5084971874738 -475.5282581475768 1.0)
(212.88964578253635 -452.4135262330098 1.0)
(267.91339748949844 -422.16396275100755 1.0)
(318.7119948743449 -385.25662138789465 1.0)
(364.4843137107058 -342.2735529643443 1.0)
(404.50849718747367 -293.89262614623664 1.0)
(438.1533400219318 -240.8768370508576 1.0)
(464.8882429441258 -184.0622763423389 1.0)
(484.2915805643156 -124.34494358242739 1.0)
(496.057350657239 -62.66661678215205 1.0)
(500.0 1.6081226496766366e-13 1.0)
(496.057350657239 62.666616782152154 1.0)
(484.2915805643156 124.3449435824275 1.0)
(464.88824294412564 184.06227634233915 1.0)
(438.1533400219318 240.8768370508577 1.0)
(404.5084971874736 293.8926261462367 1.0)
(364.48431371070575 342.2735529643444 1.0)
(318.7119948743448 385.25662138789465 1.0)
(267.91339748949815 422.16396275100766 1.0)
(212.88964578253612 452.4135262330099 1.0)
(154.5084971874738 475.5282581475768 1.0)
(93.6906572928623 491.1436253643444 1.0)
(31.395259764656604 499.0133642141358 1.0)
(-31.39525976465686 499.0133642141358 1.0)
(-93.69065729286255 491.1436253643443 1.0)
(-154.50849718747358 475.5282581475768 1.0)
(-212.8896457825363 452.4135262330098 1.0)
(-267.9133974894984 422.16396275100755 1.0)
(-318.71199487434495 385.25662138789454 1.0)
(-364.4843137107059 342.27355296434416 1.0)
(-404.5084971874739 293.8926261462363 1.0)
(-438.1533400219318 240.87683705085766 1.0)
(-464.8882429441258 184.06227634233895 1.0)
(-484.2915805643156 124.34494358242725 1.0)
(-496.057350657239 62.66661678215189 1.0)
(-534.0279968423624 65.3420025643303 1.0)
(-57.666000569853296 1713.0072084357723 1.0)
(378.2961434158727 485.8785014439253 1.0)
(305.84196787721277 471.678972342763 1.0)
(339.8123124830323 428.66405909913345 1.0)
(483.6860727937114 1721.51998423742 1.0)
(732.9442824282345 1535.3287853764757 1.0)
(199.3590414370253 492.6362846119815 1.0)
(249.7547487727726 484.20334177953663 1.0)
(219.18786269425263 535.1849109283955 1.0)
(-593.3602205053863 1651.7562647907616 1.0)
(442.10346577938327 451.6563651143578 1.0)
(401.44252190067004 415.5084382678404 1.0)
(1267.4213727515112 1046.238405622941 1.0)
(1032.7494120944525 896.0336610490905 1.0)
(1253.3963124360855 740.8349129444381 1.0)
(548.8885170090055 733.3139070770542 1.0)
(475.857427170831 618.7639819366044 1.0)
(606.665373232752 614.963366357139 1.0)
(1028.3890927571927 1417.5737027044536 1.0)
(1074.6321613667828 493.9454286490559 1.0)
(969.9159103972779 324.42221002577674 1.0)
(1132.2829357086493 322.4681735779157 1.0)
(1037.9392860429734 1155.0859477818315 1.0)
(1238.926370202623 1284.921957225664 1.0)
(538.436036214764 -91.43180343460749 1.0)
(582.7349413884051 -52.134204994603344 1.0)
(534.8411350962839 -42.06469135198036 1.0)
(1670.3193496259055 427.3444175652643 1.0)
(1486.5754704427043 237.61006000436373 1.0)
(1705.3420166672436 133.60014974691015 1.0)
(537.0853518777079 -202.50930459704364 1.0)
(538.1972364156711 -151.81980514836803 1.0)
(1648.7294792011592 -204.13552199977605 1.0)
(428.1720388825855 -353.26588837494614 1.0)
(-71.07270313151355 525.6681541472971 1.0)
(-1113.8162859661963 980.8590396470106 1.0)
(-903.3252840758554 1144.6857750340484 1.0)
(-1204.648786481368 1225.822996778247 1.0)
(1445.7134706257993 -982.5858802586305 1.0)
(187.41713983483547 -509.18893056512206 1.0)
(-1024.452040912175 1411.001389586808 1.0)
(-415.9869889254004 1296.802462498083 1.0)
(-363.02242830152517 1024.3324616297841 1.0)
(-217.68555086972924 1077.245659520339 1.0)
(-1382.186796620241 993.4302053689315 1.0)
(-1544.8193199297452 725.4617685289766 1.0)
(139.28349299715683 -531.6263378991404 1.0)
(1146.2310637834103 -1292.1528562411659 1.0)
(1251.20576103572 -1089.6408697357824 1.0)
(1013.4062127141439 -1491.744150484916 1.0)
(778.0566938147099 -1576.3211608693257 1.0)
(869.6779049614935 -823.229457069186 1.0)
(1163.016307701068 -844.7812387182784 1.0)
(992.3877483024748 -686.2087918490095 1.0)
(666.94184674407 -1156.8524704335505 1.0)
(685.9717157650955 -951.063585751136 1.0)
(526.618675063945 -1033.1339757183969 1.0)
(252.7970610402563 -1663.7049193707703 1.0)
(-26.993881271524735 -1764.941178473879 1.0)
(-357.32041798993004 -495.403891967283 1.0)
(-303.8715398754921 -475.8355448468648 1.0)
(-338.78273273761886 -435.9754187387939 1.0)
(-222.63832228235685 -1044.5515110829751 1.0)
(-327.07037602741116 -1259.8092267070783 1.0)
(-65.9235524940574 -1237.5218450382104 1.0)
(-431.9681808913087 -822.4773556025059 1.0)
(-311.08804423244624 -816.7343885587809 1.0)
(-372.93660260038206 -720.077303151299 1.0)
(-1008.1660791341245 -1432.3799568519805 1.0)
(-1223.4066623377976 -1230.5801718895136 1.0)
(-497.2659048230048 -233.4147607650659 1.0)
(-847.5251986791429 461.5602415042133 1.0)
(-859.772247353192 335.6522131821309 1.0)
(-745.5860887490675 381.9063491262753 1.0)
(-1676.923804713748 464.8441410665778 1.0)
(-412.19846348503694 338.249816044348 1.0)
(-1622.1386608908335 -467.8945964200935 1.0)
(-1740.8828061836743 -191.89069288429997 1.0)
(-553.3003646799859 -43.08916840876093 1.0)
(-565.2684770154959 14.855773994419826 1.0)
(-627.6432817141934 -20.73860284902399 1.0)
(-1427.7480128398909 -988.1843042169909 1.0)
(-1359.1578774683092 -694.7782798809629 1.0)
(-1611.118760962281 -761.7589346326704 1.0)
(-1263.5705589780941 -388.5072551883944 1.0)
(-1460.4521178265468 -169.33132166737803 1.0)
(1471.936614790152 955.480468932088 1.0)
(82.78879875648956 806.796330808742 1.0)
(168.27342367873516 749.241237160843 1.0)
(156.36101315941406 842.1910059238633 1.0)
(358.5183971342896 809.6849696880596 1.0)
(426.08365897420265 730.907163029142 1.0)
(467.45054396114637 871.7319678838002 1.0)
(-305.5394775946458 1611.7567671461525 1.0)
(-113.38782263872885 1427.6023939817294 1.0)
(498.68103074629397 -242.74534695435815 1.0)
(464.525514752513 -278.50395649119866 1.0)
(1508.9600811779699 -718.0557864625194 1.0)
(277.0076293554283 -470.49694808889467 1.0)
(238.34927398233648 -520.851157378634 1.0)
(-312.4552624692147 440.98785931424305 1.0)
(-555.2597341143355 247.78195347664365 1.0)
(-504.00838422439153 212.19549919937924 1.0)
(-495.6455794574314 260.906293093409 1.0)
(-681.637332451425 955.0248684648185 1.0)
(-654.9757299488836 1173.846994776316 1.0)
(500.632218743677 -1655.4743398680173 1.0)
(-524.8080267778321 -1501.8212939517216 1.0)
(-771.559258138477 -1320.846939275232 1.0)
(-797.7147301403544 -1573.2968478439257 1.0)
(1559.1505465975035 707.9520432272634 1.0)
(884.8946418882555 228.88829437881725 1.0)
(851.7517481524392 131.3458806895276 1.0)
(1005.3877062705641 181.2448259705579 1.0)
(-356.62503572863193 -1724.468068805889 1.0)
(-1170.6021687833227 682.8427104972444 1.0)
(1695.5089956140284 -484.13020167358957 1.0)
(80.87143867780405 1224.0486553305373 1.0)
(112.2920509194612 1039.009771128839 1.0)
(239.71110328726834 1074.463947826862 1.0)
(230.0834979903063 1729.4742302432176 1.0)
(78.88240487819985 -552.3360131904975 1.0)
(26.499159112041767 -562.3985492842855 1.0)
(949.274815137746 -1062.144997329081 1.0)
(-1107.6452907082485 -632.397225256763 1.0)
(-897.6381901968381 -581.5884903989711 1.0)
(-1023.1122743514441 -422.13282913331926 1.0)
(-351.5251270075833 -934.9095066066076 1.0)
(-758.8254902369181 -493.1014487346278 1.0)
(-627.861678809872 -504.528296694592 1.0)
(-670.1920813451455 -406.1117821720105 1.0)
(558.8589214057985 -2.4988290059592546 1.0)
(1347.814953592186 440.01217327045396 1.0)
(591.8134010023791 -1388.1816907340706 1.0)
(418.13608693130504 -1189.9742253307934 1.0)
(84.62538844403186 -1476.7376420174464 1.0)
(-199.9866286086042 -1506.5771240076124 1.0)
(-1625.9425668048118 39.22826177643091 1.0)
(-1755.0480952986356 226.47883037081095 1.0)
(-1206.197676905288 -122.4861807852025 1.0)
(-1316.729450225395 99.625704215794 1.0)
(1428.692035592863 -2.167334607234419 1.0)
(1283.0886926631729 -271.0281678442444 1.0)
(1458.8591078463894 -457.9267442864126 1.0)
(857.1680865995211 -1326.1070415072554 1.0)
(-755.7442507162971 1400.5127404818415 1.0)
(-139.42124106008242 1215.0584755197503 1.0)
(-1018.2491192377523 421.08731686929355 1.0)
(-951.8810233874644 567.241402257353 1.0)
(-414.6077421133307 447.7665835224854 1.0)
(-344.01093418195 482.006371533724 1.0)
(-402.75207973999505 543.6852210336984 1.0)
(6.911124898960985 553.2194384881011 1.0)
(-50.5763868605159 559.776095386911 1.0)
(-572.6303235118315 795.5354952088176 1.0)
(-483.1002520437111 917.1600974201715 1.0)
(308.14491670375895 -433.05928429138226 1.0)
(369.31596340694074 382.71262308292285 1.0)
(419.61869064440305 350.9856030008846 1.0)
(590.9906373151105 1237.5719274939256 1.0)
(327.15199916793523 1264.8607564676622 1.0)
(422.3600106584636 1062.8237844121932 1.0)
(-74.06090740605065 -549.836833664728 1.0)
(-382.0791194026627 -392.3460045304176 1.0)
(-592.3987209426606 -104.431050853556 1.0)
(-764.4500977261345 -731.2521834288331 1.0)
(-939.7675271324371 -776.4925784965654 1.0)
(744.6474112787059 93.0822975416023 1.0)
(814.7924786071167 47.187449758863664 1.0)
(424.0659415648173 1493.7961579711732 1.0)
(1187.845042758368 -563.1871987904384 1.0)
(351.4942388509498 -1440.244312766764 1.0)
(554.2140935037979 -658.3044317073004 1.0)
(671.749284291732 -607.0402325034 1.0)
(564.6185873704995 -543.9980001920364 1.0)
(-13.282743280699345 -541.8301593250756 1.0)
(552.8300094794529 153.5971121063596 1.0)
(513.1141198037366 184.21207095160617 1.0)
(159.31396978835855 518.537432832748 1.0)
(168.6600244225003 576.7237162545115 1.0)
(118.51250488968435 548.860724151917 1.0)
(-16.969836079251543 613.2275848049266 1.0)
(-594.792097307834 524.603116330465 1.0)
(-719.040720257968 493.86443628066615 1.0)
(-627.7080949800561 413.3214915534976 1.0)
(-273.5808979879395 485.7029041897493 1.0)
(37.33799686664911 598.1832165290225 1.0)
(28.806709321002824 662.1849017534125 1.0)
(493.8866022429038 237.96204036737095 1.0)
(-442.99544682775075 -524.887702923815 1.0)
(-353.2889437340969 -563.9814606577295 1.0)
(-521.3052226060515 -176.59565669146374 1.0)
(-446.11439544092724 -391.29204373630733 1.0)
(-410.6648522058933 -352.16471888090376 1.0)
(331.62028246707047 717.4077929771754 1.0)
(192.05478922467384 -565.5253731672495 1.0)
(-204.21273495860564 508.20002669395393 1.0)
(918.3385291113974 -246.46567883333213 1.0)
(840.7423440635044 -184.02354079528536 1.0)
(809.2974080252835 -260.5042087629177 1.0)
(398.84666803931697 -394.2651230014993 1.0)
(65.77365563828725 550.456621719285 1.0)
(-532.9748222312545 -294.5051225290315 1.0)
(-619.4248856416915 -269.4377942339852 1.0)
(-600.6346107327377 -350.1840356160615 1.0)
(-547.461973627648 123.7127887861254 1.0)
(-460.9119779405099 306.4311843197136 1.0)
(502.4303529144145 445.65821343337586 1.0)
(460.3034716993994 396.2008771261229 1.0)
(-84.44048589575651 615.4594516695425 1.0)
(-139.8103235482322 668.9647773847651 1.0)
(-144.5574591408969 604.6569994135505 1.0)
(-511.048350275586 164.702261107898 1.0)
(351.39156055822895 -411.909549887878 1.0)
(613.5148447533555 -184.35497671889055 1.0)
(570.145404529093 -249.56411782126258 1.0)
(647.000878632231 -253.2574232738876 1.0)
(-534.3744359704735 -92.0400819261396 1.0)
(-147.09828815399482 516.976105659194 1.0)
(585.7747391489925 49.2796556059098 1.0)
(602.7174467720315 111.51736231158179 1.0)
(540.9656750251379 90.67458405700015 1.0)
(-141.2961327651807 -524.177937017553 1.0)
(-180.1019576665781 560.323974964688 1.0)
(-254.13307420810443 556.7474501392679 1.0)
(-466.60460295900504 -280.72450758140735 1.0)
(-605.4312269212555 73.5178913424926 1.0)
(459.0026468984904 -316.4185061503382 1.0)
(302.1845723766173 -525.1877667678884 1.0)
(-564.0043792085099 -220.68795575557183 1.0)
(460.5007538723434 -415.50217896399244 1.0)
(481.9382386990344 -354.43334611771354 1.0)
(-409.5416382909198 -447.6148912096123 1.0)
(-18.995775018466567 -595.3144713546454 1.0)
(-108.62850860801886 552.739531623797 1.0)
(-249.1985539724759 -501.63910690188453 1.0)
(-190.79215115606084 -501.8445298302755 1.0)
(534.846200414665 40.06944386221512 1.0)
(-383.757090527219 384.85933880355094 1.0)
(-353.3152112863431 429.15021667568556 1.0)
(-464.3011875680284 -332.63659210361544 1.0)
(458.5540965000471 294.02581093646006 1.0)
(517.417753175032 300.8337325375414 1.0)
(717.9338971065965 296.42376516280285 1.0)
(662.6673078420671 219.71671211608404 1.0)
(765.1544876336205 199.12835452919856 1.0)
(370.15130158105075 -520.29658810622 1.0)
(395.5156897535864 -454.09052609675797 1.0)
(332.5639697978225 -469.3059911114465 1.0)
(570.8308872904175 232.93652091100606 1.0)
(581.745900252845 331.5301687086041 1.0)
(639.3720401237146 290.24327108017013 1.0)
(-744.2761668812751 191.8523866571415 1.0)
(-671.560119106798 141.48433687702942 1.0)
(-678.7484291394175 234.36089058904736 1.0)
(-682.2318377879055 -605.1293066009836 1.0)
(-775.7864039869489 -602.7678572908535 1.0)
(-489.9577173466292 -445.7842853610572 1.0)
(-151.89613433018556 -631.004183049223 1.0)
(-82.46443152299025 -618.3828451712099 1.0)
(-128.9688805951119 -575.2329769129926 1.0)
(578.3493875675596 422.3068770888564 1.0)
(544.891491923982 517.8136750884386 1.0)
(475.6387022327919 342.1718629542897 1.0)
(-491.6367204371922 421.10673564339567 1.0)
(-489.9953966271236 498.3465887255428 1.0)
(-445.25319955236256 374.81204586693906 1.0)
(-577.8924206683771 324.3908227264003 1.0)
(-617.9456312414959 265.2944929812187 1.0)
(-508.4072028108865 350.4586168681406 1.0)
(-519.8944609859885 297.2459914204506 1.0)
(-770.684226361673 -341.44007442684193 1.0)
(-672.890509832609 -322.45332027853357 1.0)
(-703.5167450817979 -245.09291494376862 1.0)
(-574.537747220058 -429.61999209190645 1.0)
(624.3123022539426 -3.633912908117525 1.0)
(655.8846993269425 61.76392917276975 1.0)
(952.3303797017674 -88.80905028993465 1.0)
(1053.0946307161507 49.1570984073086 1.0)
(917.3157588735565 49.453525843792704 1.0)
(12.514825233880895 752.988310662274 1.0)
(-55.65012714606285 692.1776248664625 1.0)
(98.9435249698278 613.1041309087445 1.0)
(-17.101531329765642 -668.805523587515 1.0)
(54.4966492165182 -623.4987383370731 1.0)
(-195.87661143121124 -562.730957266856 1.0)
(-276.2695954770053 -570.6868119866396 1.0)
(-230.32283108854477 -636.087768766231 1.0)
(-268.4156870631855 -718.7408079290205 1.0)
(-206.35427076668364 -806.7021850826129 1.0)
(-219.81629118038225 810.4878874032454 1.0)
(-226.85064416904905 927.6363126878924 1.0)
(-341.5933527803441 851.415372246418 1.0)
(60.187338328335855 -707.5641371444692 1.0)
(281.0091157731908 -757.58562075967 1.0)
(160.5381388304661 -745.2786111942646 1.0)
(215.57430808485196 -831.4836197468595 1.0)
(265.76293037117335 -599.1909543361035 1.0)
(405.88626358717477 -591.2998139310215 1.0)
(488.6404987124809 -599.2751739695375 1.0)
(459.63988467275607 -513.263725509512 1.0)
(-320.46242229912 -638.4835377744171 1.0)
(315.85526384819354 628.7421590011486 1.0)
(246.9931906936376 690.9304320843266 1.0)
(236.78065405519536 603.949077364231 1.0)
(170.62226088168055 653.8924821662341 1.0)
(520.587096724734 371.2247799859889 1.0)
(832.2633569873759 308.3002006790254 1.0)
(761.4324203640534 395.3700289395657 1.0)
(-735.6160192015866 728.9804520251461 1.0)
(-598.5974854433185 652.8467548563675 1.0)
(-501.55534206391707 589.7062368885615 1.0)
(683.878864709682 -113.88760730155064 1.0)
(723.0291207236075 -15.21597196244559 1.0)
(641.4729657146946 -61.4060537217967 1.0)
(837.2183540072724 -22.72848331815871 1.0)
(-17.62197310565975 -754.5543723106483 1.0)
(-43.73316960174474 -1013.5197431403132 1.0)
(-7.280705358229945 -869.4587466742015 1.0)
(-136.90438622475676 -903.6275514973009 1.0)
(669.684872804688 714.9207694446324 1.0)
(647.5892259104139 848.5961938110072 1.0)
(-775.8580725025305 11.657851390036704 1.0)
(-774.7827807465134 -94.49949436162815 1.0)
(-707.5128640445321 -30.42618890981548 1.0)
(-673.7456643166545 -98.83245702206315 1.0)
(941.0642285058079 -542.18453946916 1.0)
(714.668112164859 -312.38415974127827 1.0)
(840.1608116946985 -345.1281625266744 1.0)
(545.098642105918 -384.18718008737847 1.0)
(524.1914231518265 -462.4631082480748 1.0)
(589.9876723214539 -455.8268316575984 1.0)
(316.5354586438321 924.502186542971 1.0)
(-555.0342641161 -1188.304864754713 1.0)
(206.72747951548413 -948.6670922614566 1.0)
(100.1749623555219 -1079.088952752032 1.0)
(255.91073453051825 -1085.5156846420125 1.0)
(1009.6005223048741 -375.8380214386592 1.0)
(1230.1473785562944 167.59682311490135 1.0)
(818.2640830355608 764.650092257426 1.0)
(796.1746452176405 1025.6467088520524 1.0)
(844.5164499418566 1272.3856834014034 1.0)
(-1123.0593623714958 -939.0517069719044 1.0)
(-571.2743374963363 -163.48440981169776 1.0)
(-540.7288595159675 -132.1792285730569 1.0)
(-219.65098241616255 631.0505851831639 1.0)
(517.607660348554 -305.96908972105956 1.0)
(-1431.01076750276 508.2161816563525 1.0)
(-1501.5928929398067 279.2608708608375 1.0)
(-956.8292904784676 0.024250370467462232 1.0)
(-858.1392557384315 -27.93415759460894 1.0)
(-856.7703897908434 68.8299399918032 1.0)
(-486.2121078110524 -711.728746434525 1.0)
(-419.148873197592 -622.883687752389 1.0)
(-541.108367553894 -596.936980035353 1.0)
(-976.0550264468199 -1192.946595512296 1.0)
(-1044.2222453971617 -87.01230082707049 1.0)
(-1059.510254904997 -236.8890729194296 1.0)
(925.871850087277 543.265492754475 1.0)
(995.88857449568 670.3816112979385 1.0)
(855.6994402713341 619.1741318949835 1.0)
(155.83171638257178 1475.8923774576751 1.0)
(-875.9156993410484 -423.79361625731116 1.0)
(1172.7319463769184 -60.356410403139996 1.0)
(-548.8401715611185 452.14057978471527 1.0)
(-917.923242038644 863.0317618032959 1.0)
(1067.2180140316261 -208.4994657618621 1.0)
(815.7541411009634 -658.0197387061445 1.0)
(-518.1847935754396 1072.209127402789 1.0)
(493.9879118549324 -872.7529679125255 1.0)
(326.2767011528983 -861.747290566697 1.0)
(368.0558140243213 -995.0266291639784 1.0)
(-806.4552087224375 585.2740568592686 1.0)
(-916.5734215146684 685.442685556744 1.0)
(-1253.1961850525922 376.65061274473794 1.0)
(-1100.710242280662 224.15922501526805 1.0)
(-966.9902428441934 135.8777993338316 1.0)
(-956.3950222245035 264.5167552526875 1.0)
(-1097.9089724759435 42.26732889206869 1.0)
(196.36509314717148 -1247.4364724474447 1.0)
(589.721132226827 1008.1616159765197 1.0)
(641.3553142620525 -395.44745334600026 1.0)
(663.62026054901 -494.160013801422 1.0)
(749.127515959646 -419.6650687511716 1.0)
(-245.70203010276535 -901.3050285656556 1.0)
(-908.8198684305892 -292.4257132443713 1.0)
(-916.9446366242299 -131.8831075732193 1.0)
(-30.917281544357635 1049.5932062680647 1.0)
(-788.013506769804 -999.697465053666 1.0)
(-533.1469916634 -499.7887248270625 1.0)
(-281.25949698078006 689.9051669141315 1.0)
(-370.29012166434626 720.9326904656854 1.0)
(-326.48882321472695 616.1165495663975 1.0)
(806.945974631773 509.5015317905605 1.0)
(862.307542980858 -442.079328756578 1.0)
(778.4903735873091 -527.774157274132 1.0)
(-121.01283928563825 956.4557459877725 1.0)
(-213.02239708279012 718.7095670039585 1.0)
(-525.0388938618526 -956.4456614306779 1.0)
(-394.03146188551636 -1080.0787214072384 1.0)
(-611.392807940754 202.22110730412547 1.0)
(735.4702899537905 618.9108616864904 1.0)
(340.5940695249124 -663.5683184054266 1.0)
(449.47308782778384 -674.1023840653115 1.0)
(653.7982496388134 -759.9850533393633 1.0)
(896.193099670816 423.32476013983586 1.0)
(-106.09145227399115 -790.0339500230647 1.0)
(-175.16496763279025 -713.0461471154125 1.0)
(74.59792693495761 -953.3387464522247 1.0)
(117.10106776375665 -855.95919743312 1.0)
(-843.098490468846 199.71060777299428 1.0)
(-755.5767384364434 277.585390575976 1.0)
(-419.1799728296913 630.434912865856 1.0)
(-540.4188497492835 -806.5698629948125 1.0)
(667.9912823753871 491.77796268787984 1.0)
(657.8041546316925 371.2753456113131 1.0)
(-133.11972103740646 753.1249553197441 1.0)
(-692.17763310927 596.5213623102779 1.0)
(388.8214106380874 651.508844084084 1.0)
(-610.40830664879 -712.6828717464269 1.0)
(84.5541599266189 919.8780089051545 1.0)
(-645.665930951173 -841.3296089308834 1.0)
(399.0458178509721 -764.259362795816 1.0)
(-666.4347643445955 317.7176908098769 1.0)
(-549.2596572284006 393.10749258353826 1.0)
(-127.46647148682949 849.3246748100049 1.0)
(-21.634501540685182 873.0508794512733 1.0)
(190.9743674630561 932.8438393921274 1.0)
(252.753733320005 809.5430662527665 1.0)
(-453.61349989313123 798.9819284219396 1.0)
(-800.209462739923 -208.1393963340008 1.0)
(-284.4775673337772 758.7240298186999 1.0)
(-716.6241438793215 -167.54236076648314 1.0)
(610.9391136287755 171.6135089631756 1.0)
(-63.422879999824794 783.2483040288255 1.0)
(62.211892782418005 -787.2155511910971 1.0)
(118.6008535760384 -666.0320262462155 1.0)
(793.9540824161746 -106.52601419817314 1.0)
(336.6297510945406 -578.626903662461 1.0)
(186.20072226369945 -642.7775895979321 1.0)
(506.22328808112746 -747.0519103877054 1.0)
(299.36532179090733 538.2207637507686 1.0)
(389.65730754550674 573.597194769711 1.0)
(456.9097540429131 516.5768191423641 1.0)
(-485.9777909010393 698.0730031178715 1.0)
(-693.5785318474665 45.92688045837048 1.0)
(-764.3646128473955 108.05012875609916 1.0)
(732.8138870053116 -204.052687662839 1.0)
(672.3351091075425 142.6793851564691 1.0)
(-319.4512368256671 537.401132663039 1.0)
(93.65825714026944 706.3678989100415 1.0)
(-308.4682103365828 -521.198040552719 1.0)
(-635.0998916643696 -182.06188881057432 1.0)
(246.82099535268839 -681.6802188586789 1.0)
(129.50456405961305 -599.0957300763055 1.0)
(-93.04212038154914 -696.2390802337835 1.0)
(598.4882876449476 -111.76993954515885 1.0)
(-518.5881846858044 -374.45021164751313 1.0)
(603.8621447085345 -315.9311744251676 1.0)
(-598.478208294824 144.04205956619677 1.0)
(-554.2777916463635 181.9660740654662 1.0)
(-223.2873726469346 -334.28054453632484 1.0)
(-261.4174094009254 -372.51525008029427 1.0)
(-216.83729558980212 -394.32726800684094 1.0)
(-403.2687462686964 -203.82245443383096 1.0)
(-414.3446199455289 -161.82420947407425 1.0)
(-441.38537054358983 -136.07895261428365 1.0)
(-444.2211054300116 -87.0122747782305 1.0)
(-444.5408960566996 -21.843013137602977 1.0)
(-458.25213272413777 30.58442343755789 1.0)
(-436.62899008330294 81.98302712613285 1.0)
(-428.37151366560937 145.27619214509252 1.0)
(-384.2747652046414 163.18492260601911 1.0)
(-409.81050919767216 198.2335009765304 1.0)
(-230.51387110532633 266.08654636206813 1.0)
(-253.19342465937765 209.9758455908947 1.0)
(-198.8296601241116 217.38721070481128 1.0)
(-303.5127676561805 337.3373336477942 1.0)
(-223.31406604928904 390.48730965762394 1.0)
(-269.4134304096736 373.42402924134075 1.0)
(-193.52914017972176 305.907491561357 1.0)
(-241.04283581902212 330.61838357962756 1.0)
(-174.06308124921847 412.084262601493 1.0)
(-184.7377805671539 353.5477244205161 1.0)
(-142.0686105738776 317.2177715032472 1.0)
(-108.51408327201645 258.4108327285738 1.0)
(-90.11145993146225 307.42287081309917 1.0)
(-105.04054745465689 449.50278105700204 1.0)
(-57.214248401159104 452.2679803264986 1.0)
(104.98330168653271 427.8870637477122 1.0)
(49.78509052324852 449.1550947918388 1.0)
(-2.0877465558680823 455.94622070110296 1.0)
(164.0219170512947 415.0636045553007 1.0)
(301.45724787623163 275.43112424940665 1.0)
(308.84727623141146 326.1892559477633 1.0)
(257.6918689756144 302.3888174319774 1.0)
(261.8662522812653 360.40892798374495 1.0)
(213.05329776194378 390.25188832694226 1.0)
(348.8719796703069 291.3764916692114 1.0)
(337.3539557415119 251.44840097739052 1.0)
(380.394796137368 250.43691235866794 1.0)
(447.9355912220778 86.62876300279004 1.0)
(415.2545529152007 161.00362833644965 1.0)
(442.2355024689642 133.78150760481867 1.0)
(403.17776890796205 202.22150810149165 1.0)
(450.62526104551 -25.474447501683038 1.0)
(264.9102876466651 -312.0093703272633 1.0)
(269.4259542554278 -363.29530550034957 1.0)
(311.5591851472516 -327.44483275056683 1.0)
(440.41585547463274 -84.36904674218371 1.0)
(426.5473894244781 -143.9409388306272 1.0)
(414.80525387693785 -194.45486568796045 1.0)
(382.915712297284 -236.89914655256564 1.0)
(225.5840396936875 -342.2727013178909 1.0)
(173.50661026154205 -420.08197078308444 1.0)
(222.46074005359915 -394.73475335831955 1.0)
(183.9316530488528 -366.45880776867546 1.0)
(16.090821895157706 -454.89850214978003 1.0)
(91.66837941894825 -429.66741463323956 1.0)
(130.4718735881562 -388.2614693071373 1.0)
(81.87173183867675 -386.20575167875165 1.0)
(-114.17882549559205 -440.85234083654643 1.0)
(-63.6312516438614 -450.4625162404476 1.0)
(-165.65968362025316 -419.42077622585714 1.0)
(-20.803941756645237 -363.8111641660878 1.0)
(-63.152535588690206 -316.4806759801404 1.0)
(-74.3650943109727 -373.85258124528207 1.0)
(-351.39909803878663 -292.65777635251163 1.0)
(-335.7320662758848 -253.7799446976005 1.0)
(-378.9371261786099 -251.0432757483948 1.0)
(-323.27082069977723 -329.9201688644771 1.0)
(-280.1732296412037 -334.5604380854421 1.0)
(407.63095805812674 50.533176792856054 1.0)
(367.828602486095 4.106318602129856 1.0)
(416.3945093081022 2.801575969964636 1.0)
(-396.8776443857216 -55.3052502407775 1.0)
(-355.9138449044038 -22.8759531651727 1.0)
(-395.6895785139506 -7.890053466905699 1.0)
(-67.15064773972836 -211.22275979174046 1.0)
(-27.72633199797763 -258.49248561567833 1.0)
(-23.268552716489065 -206.44343551368829 1.0)
(-262.21320726304936 -0.5995573821867315 1.0)
(-217.1741621272287 -42.53162505917252 1.0)
(-200.22927923645207 10.13379171559532 1.0)
(-129.46822603331364 158.32930155172005 1.0)
(-176.80623176711035 143.31553355060313 1.0)
(-153.05658421427145 106.6936022861336 1.0)
(225.8481767253752 110.2237759229234 1.0)
(279.08776739127404 114.01683856392995 1.0)
(249.77180661942586 160.75075863339305 1.0)
(453.1072783818426 29.52594750768 1.0)
(4.575708945162168 -408.8256549004702 1.0)
(-23.214522822961918 -444.73849762471394 1.0)
(265.3833359412441 -181.72839842627315 1.0)
(210.50878969438745 -182.96208370457583 1.0)
(246.5274413386638 -219.5943104308514 1.0)
(52.11253152327735 399.7250711535947 1.0)
(-146.62605852952703 214.68355217257647 1.0)
(-169.2826028332288 262.06703194132604 1.0)
(-357.9261094494608 201.60970949545683 1.0)
(-261.88268530067774 -53.3107905628909 1.0)
(-292.6395760542403 -89.53685824322245 1.0)
(-233.08279655636295 -99.03635835226369 1.0)
(116.75777395686434 212.82143114126853 1.0)
(71.2229033629191 194.20350099675403 1.0)
(97.80778206129665 166.73406099780286 1.0)
(19.037252081517934 -222.80485091588906 1.0)
(9.970798954284145 -167.59923096539188 1.0)
(240.98678652888063 10.38265494481526 1.0)
(235.77769627622544 -40.54302549932218 1.0)
(274.32211765565086 -21.255248436005044 1.0)
(178.64396427270947 -58.03200318480901 1.0)
(154.55500429092535 0.2624045476615038 1.0)
(126.12057884799086 -43.78921369498135 1.0)
(128.51163655861146 -104.2859720728469 1.0)
(78.7062378022141 -116.81155761781625 1.0)
(98.01267005033296 -154.35420385331918 1.0)
(-90.76315746145231 -258.43944196849156 1.0)
(-123.30569487053835 -212.63200938175146 1.0)
(-146.49039108728294 -261.66796565983236 1.0)
(67.15029743020196 -243.1909124919278 1.0)
(61.02801003941985 -298.7371234743079 1.0)
(118.3102518079634 -273.511974049266 1.0)
(144.37958032413755 153.1872771535435 1.0)
(168.082003006429 196.06241130673573 1.0)
(-3.4631920899322215 238.53026909727245 1.0)
(-45.21825523828571 281.75728257606147 1.0)
(-57.4342466859339 221.44781534049903 1.0)
(-45.41667366636637 -166.0017546865627 1.0)
(-98.69462970617481 -158.30811722490665 1.0)
(-13.991935919691395 -29.146307669954876 1.0)
(-35.829571253287064 10.014017861388458 1.0)
(-66.8624797666819 -22.87640218765711 1.0)
(143.2229504800304 95.57705139288244 1.0)
(180.66298889307035 114.00670895832575 1.0)
(98.4802268128858 72.76376039442025 1.0)
(136.57656068310146 46.615116297053 1.0)
(-32.91244758486829 52.3626676900493 1.0)
(-68.1663729694389 85.09747529153661 1.0)
(-73.33371778294361 29.787308326745787 1.0)
(-257.0331057300097 110.6787255867698 1.0)
(-296.6224056167337 60.233944087983545 1.0)
(-233.94194712776252 57.9841351611729 1.0)
(-224.70447259763273 -220.23502439530978 1.0)
(-257.5510187962613 -249.42509423333948 1.0)
(-207.95820468514515 -268.8544727152801 1.0)
(3.8420021061157703 379.70313748425457 1.0)
(16.734275891818573 420.02879799885113 1.0)
(-28.306939624962613 414.3961602817186 1.0)
(210.2933043932098 330.4492622189848 1.0)
(211.5141816444081 273.4562245660363 1.0)
(128.76920354979654 -440.93654764707645 1.0)
(-14.649239198144992 330.90856993742386 1.0)
(-46.84625234110857 368.27284889291786 1.0)
(-59.60740051576425 328.2934127953588 1.0)
(-95.1489500573672 351.43505446225447 1.0)
(-136.3461502735969 376.8554741001382 1.0)
(395.3401737210546 113.59113278675845 1.0)
(356.2423195839898 64.54875856060305 1.0)
(350.6256767814232 -56.1133945278035 1.0)
(380.18392717788134 -103.71211795156506 1.0)
(401.01230537894077 -43.7935186918568 1.0)
(-393.22384125609364 -116.83477930787154 1.0)
(-347.6766001531707 -75.3754275888815 1.0)
(-388.36243894204904 71.30824029348895 1.0)
(-344.16127417894967 92.18161197257776 1.0)
(-386.7616438387612 119.64506245694535 1.0)
(-325.7100123214387 246.78292699958584 1.0)
(-305.55103931917296 203.13638294782365 1.0)
(-279.4729348669548 243.90138976748375 1.0)
(-274.55897834512643 -142.62601823712995 1.0)
(-216.3226195101732 -169.5040524984739 1.0)
(217.62277021439135 210.86841574716075 1.0)
(269.0535705478789 203.54380476523477 1.0)
(32.880031559315604 -107.0233584365115 1.0)
(55.92840187230705 -147.96525755733438 1.0)
(-56.60955965194695 -78.30680919868705 1.0)
(-304.6840322722319 116.2519017184122 1.0)
(-338.50404987170396 151.1601479560704 1.0)
(-265.33548779722713 -198.25804359986466 1.0)
(252.89806580545454 62.045033584378196 1.0)
(259.8347937843675 248.48155088258935 1.0)
(304.26123827230896 225.85897893298372 1.0)
(58.2029699625872 243.62410222386126 1.0)
(26.392075605656256 -268.1379717080085 1.0)
(4.652171645178124 -311.1068143597017 1.0)
(329.7657569846062 -128.8904776680786 1.0)
(290.34766762436533 -80.0876459912776 1.0)
(288.7518787906709 -140.80516037411007 1.0)
(350.51996639862796 -285.40529606480123 1.0)
(300.12302979148694 -273.91058613299555 1.0)
(-82.82721551387955 -413.815256892876 1.0)
(-43.37771951719311 -409.250945178313 1.0)
(-179.8888422020656 -218.74589232873208 1.0)
(191.30036111846542 -322.14762749277884 1.0)
(176.66992586302723 -280.0597990333708 1.0)
(149.11942629124286 -329.25736543590205 1.0)
(60.98076983273075 -191.98983877053723 1.0)
(368.5216908892343 -174.64011005716702 1.0)
(332.9868524000472 -231.83859304945906 1.0)
(-380.13293062129827 246.95695570655025 1.0)
(317.0141215171798 -17.62098958011027 1.0)
(-285.73764844180084 287.5026156588069 1.0)
(-344.014361656483 292.45766852055294 1.0)
(25.694997160233257 104.41067471014075 1.0)
(4.711378362016093 66.98078528276235 1.0)
(47.7722769397824 52.6794577380243 1.0)
(-163.4888967947328 -26.44427467668564 1.0)
(163.29020072189945 246.6713658346742 1.0)
(-87.20698675652815 404.90075839649677 1.0)
(-132.58234763526093 423.67328305009335 1.0)
(150.35230439154947 -163.41391632406567 1.0)
(109.7641124840888 -208.15345635594304 1.0)
(163.00640668679793 -225.0504201802147 1.0)
(351.74704038415746 211.7713650657953 1.0)
(-304.23218085616065 -228.45533006245046 1.0)
(-350.9617791620832 -214.1210552978012 1.0)
(-332.1138501278429 -129.57777111975466 1.0)
(335.73709534649316 118.65454908561865 1.0)
(-306.52254584226125 -37.29478359841384 1.0)
(198.35968981485217 156.7635666570314 1.0)
(327.01671912549625 28.933895425968487 1.0)
(-62.025480123374855 153.06573866556582 1.0)
(-18.25080833672096 193.70616556590355 1.0)
(-222.00052962411056 162.82711561683186 1.0)
(-204.22194952355954 107.1515172331338 1.0)
(27.219633247788682 196.1061417453688 1.0)
(55.711152799823154 149.67683788556866 1.0)
(-414.03342682344714 30.11548641710774 1.0)
(-115.54781459020475 -3.1354873231909175 1.0)
(-22.452210613203942 -119.48834332805099 1.0)
(-6.89306770112555 -78.23799016761001 1.0)
(200.29359969793944 -6.729619105281265 1.0)
(-177.9143552816441 59.6348492705879 1.0)
(-155.3527510546382 18.58447059914323 1.0)
(-116.43995335127589 -62.5461193099041 1.0)
(2.4095846570673287 23.04639712847993 1.0)
(40.63652804107813 -11.03315482119087 1.0)
(25.70833611989894 -57.2251322048457 1.0)
(-120.95816332402096 -393.06146864077834 1.0)
(46.31611154739549 343.6980230700059 1.0)
(109.48201143766785 334.207101622713 1.0)
(160.3521517769661 301.8779352808313 1.0)
(164.15594161616127 359.2591711986765 1.0)
(-169.85626459866515 -365.16954821455204 1.0)
(368.62864104498857 165.17802945484007 1.0)
(-368.956898715139 -168.32258467204613 1.0)
(127.7329672758854 383.70523518728703 1.0)
(88.9462798093673 378.3189632569236 1.0)
(-164.13668549287055 -311.8783552542641 1.0)
(-301.4617641802685 -285.03708969401623 1.0)
(-254.08631798996268 -294.43152785288055 1.0)
(337.73075714206897 -92.2009090346812 1.0)
(56.944268454193846 -458.1986463956724 1.0)
(48.986510100905136 -416.0065443939408 1.0)
(245.81568933973315 -130.5746491250079 1.0)
(227.97407953292026 -85.98358213522896 1.0)
(189.27131957799608 -120.76212736522356 1.0)
(311.1651199432407 -180.83810305980202 1.0)
(40.91722484844955 -359.8860051653224 1.0)
(97.3146712369246 -337.20732489411813 1.0)
(111.78305630827485 273.10348000576107 1.0)
(67.6815115790396 295.783394809519 1.0)
(17.66841872411539 289.4312140503298 1.0)
(285.4467472538947 -225.3133828330024 1.0)
(255.31513990243488 -261.45204177288053 1.0)
(221.19676069551656 -292.68946390805485 1.0)
(74.94423733383435 -62.58548354126249 1.0)
(-120.6836205331808 57.2615786283484 1.0)
(-280.7277702156602 159.62373970308454 1.0)
(-139.99913274520932 -117.4767384963308 1.0)
(-156.84650102652606 -167.40787931680563 1.0)
(-118.79839033673666 -343.8010202611835 1.0)
(-118.4294896024588 -297.49658013841173 1.0)
(96.55244187641256 7.878355897342555 1.0)
(1.048781043921373 151.43417021971135 1.0)
(-95.4543465712061 -108.41924626485094 1.0)
(-176.1894204085972 -79.17067868258485 1.0)
(-184.48809404937376 -126.5191414692918 1.0)
(-99.7722725538721 199.69832784653642 1.0)
(191.5045471209565 54.2818736652481 1.0)
(-105.69324504066654 111.48510495218301 1.0)
(287.48431633160305 21.59276394586963 1.0)
(306.05215292755196 69.1919396845321 1.0)
(-316.2997726824465 6.4159326873782705 1.0)
(-314.6436566780086 -179.3027421724843 1.0)
(-20.861708096169497 102.9991690776182 1.0)
(-63.72548404177965 -126.1048541406117 1.0)
(100.96749986273915 123.7812578118796 1.0)
(65.72523071509275 100.6623977080067 1.0)
(-174.74614121563465 179.30854271930855 1.0)
(212.4330558797713 -242.20129161406663 1.0)
(307.40317913984296 172.69436128440086 1.0)
(-360.22685978578426 32.616013494681056 1.0)
)
