/*--------------------------------*- C++ -*----------------------------------*\
  =========                 |
  \\      /  F ield         | OpenFOAM: The Open Source CFD Toolbox
   \\    /   O peration     | Website:  https://openfoam.org
    \\  /    A nd           | Version:  6
     \\/     M anipulation  |
\*---------------------------------------------------------------------------*/
FoamFile
{
    version     2.0;
    format      ascii;
    class       volScalarField;
    location    "0.0339621151";
    object      rho;
}
// * * * * * * * * * * * * * * * * * * * * * * * * * * * * * * * * * * * * * //

dimensions      [1 -3 0 0 0 0 0];

internalField   nonuniform List<scalar> 
3600
(
8.34353693597e-08
8.34446163529e-08
8.34586069075e-08
8.34963394283e-08
8.35381679044e-08
8.35806556868e-08
8.36233669044e-08
8.36673040076e-08
8.37134346491e-08
8.37628110513e-08
8.38165756366e-08
8.38757911253e-08
8.39412011976e-08
8.40130915696e-08
8.40912914297e-08
8.4175223266e-08
8.42639049521e-08
8.43559728242e-08
8.44499190387e-08
8.45445903196e-08
8.46396739742e-08
8.4735762434e-08
8.48338444645e-08
8.49345218673e-08
8.50374985695e-08
8.51417226266e-08
8.52461167839e-08
8.53504388559e-08
8.54557211092e-08
8.55639720613e-08
8.35317391305e-08
8.35331594792e-08
8.35316101495e-08
8.35542698415e-08
8.35853423396e-08
8.36211082436e-08
8.36599648436e-08
8.37018400554e-08
8.37468851409e-08
8.37955064973e-08
8.38483312767e-08
8.3906072282e-08
8.39693394655e-08
8.40385024309e-08
8.41136205043e-08
8.4194390777e-08
8.42800919879e-08
8.43696168378e-08
8.44617215744e-08
8.45554556816e-08
8.46505021307e-08
8.47471352278e-08
8.48457720397e-08
8.49464304322e-08
8.50485084889e-08
8.51510769432e-08
8.5253511839e-08
8.53560609289e-08
8.54599751365e-08
8.55670840696e-08
8.36277981763e-08
8.36286552004e-08
8.36180686812e-08
8.36288985514e-08
8.36497485284e-08
8.36780259859e-08
8.37118641276e-08
8.37506001866e-08
8.37937943528e-08
8.38412892927e-08
8.38931749094e-08
8.39497040831e-08
8.40111812886e-08
8.4077871364e-08
8.41499119788e-08
8.42272020498e-08
8.43092966607e-08
8.43954188436e-08
8.44846715065e-08
8.45763619507e-08
8.4670197544e-08
8.47661689945e-08
8.48641927716e-08
8.49638070879e-08
8.50641975406e-08
8.51645819644e-08
8.52647145081e-08
8.53651793633e-08
8.54672767172e-08
8.55725373769e-08
8.37038471962e-08
8.37069984816e-08
8.36931901247e-08
8.3697361066e-08
8.37110692424e-08
8.37332321316e-08
8.37623873141e-08
8.37978209922e-08
8.38388572703e-08
8.38849915799e-08
8.39358912154e-08
8.39913783629e-08
8.40514081399e-08
8.41160482252e-08
8.41854127089e-08
8.42595289348e-08
8.4338200271e-08
8.44209875616e-08
8.45073628414e-08
8.45969187786e-08
8.46894263304e-08
8.47846519461e-08
8.48820818894e-08
8.4980824709e-08
8.50798462622e-08
8.51784325323e-08
8.5276591104e-08
8.53751315179e-08
8.54753669338e-08
8.55785934809e-08
8.37652386576e-08
8.3770790775e-08
8.37560504103e-08
8.37565909472e-08
8.37655463813e-08
8.3783065367e-08
8.38082295961e-08
8.38405330723e-08
8.3879325605e-08
8.39239718044e-08
8.39738672989e-08
8.40284819096e-08
8.40874253517e-08
8.41505060339e-08
8.42177124107e-08
8.4289098676e-08
8.43646521429e-08
8.44442578073e-08
8.45277808099e-08
8.46151388086e-08
8.47062121321e-08
8.48006016464e-08
8.48974400432e-08
8.49954836472e-08
8.50935176356e-08
8.51908613066e-08
8.52876668979e-08
8.53848323192e-08
8.54835869363e-08
8.55849842237e-08
8.3813177136e-08
8.38214020998e-08
8.38070192281e-08
8.38058295328e-08
8.38117343368e-08
8.38258277968e-08
8.38477252319e-08
8.38772291692e-08
8.39138679676e-08
8.39570387478e-08
8.40060028709e-08
8.4059965618e-08
8.41182169742e-08
8.41802673061e-08
8.42458913824e-08
8.43150678708e-08
8.43878914206e-08
8.44645418736e-08
8.45452885391e-08
8.46304052301e-08
8.47199235654e-08
8.48133397712e-08
8.49095203574e-08
8.50069663368e-08
8.51043457193e-08
8.52009989239e-08
8.52971275573e-08
8.5393580097e-08
8.54913893623e-08
8.55913316938e-08
8.38484747936e-08
8.38599619606e-08
8.38470879304e-08
8.38456825821e-08
8.3849925615e-08
8.38616233756e-08
8.38808999535e-08
8.39079172578e-08
8.39424801405e-08
8.39841549346e-08
8.40322136955e-08
8.40857090133e-08
8.41436594117e-08
8.42052519723e-08
8.42699634714e-08
8.43375886754e-08
8.44082354614e-08
8.44823190816e-08
8.45604858303e-08
8.46433627071e-08
8.47311594863e-08
8.48233408518e-08
8.49186289459e-08
8.50154079539e-08
8.51123253118e-08
8.52087471462e-08
8.53048308384e-08
8.54012296492e-08
8.54986540805e-08
8.55975534142e-08
8.38717817232e-08
8.38870846431e-08
8.38768131639e-08
8.38765597799e-08
8.38804630145e-08
8.38908037112e-08
8.39081615558e-08
8.39330672578e-08
8.39656430211e-08
8.40057190631e-08
8.40527260386e-08
8.41057209985e-08
8.41635624988e-08
8.42251466757e-08
8.42896065167e-08
8.43564568142e-08
8.44257052092e-08
8.44978914603e-08
8.45739402547e-08
8.46547628184e-08
8.4740739722e-08
8.48313852956e-08
8.49254374755e-08
8.50213456235e-08
8.51178615696e-08
8.52143908925e-08
8.53109527776e-08
8.54078613679e-08
8.55053872698e-08
8.56036124597e-08
8.38841684667e-08
8.39034363732e-08
8.38965698752e-08
8.38985660898e-08
8.39033463034e-08
8.39134167148e-08
8.39297071195e-08
8.39530736389e-08
8.39839294107e-08
8.40223858847e-08
8.40681288529e-08
8.41203802801e-08
8.41780076724e-08
8.42397375517e-08
8.4304403766e-08
8.43712079559e-08
8.44399576492e-08
8.45111647751e-08
8.45858545032e-08
8.46650706522e-08
8.47493042234e-08
8.48381892087e-08
8.49306574467e-08
8.50254289997e-08
8.51214991917e-08
8.52183339086e-08
8.53157328513e-08
8.5413553613e-08
8.55115444042e-08
8.56094077624e-08
8.38873161138e-08
8.39100901078e-08
8.39068919778e-08
8.39117557723e-08
8.39183536075e-08
8.39291902531e-08
8.39453867624e-08
8.39680239957e-08
8.39977216472e-08
8.40348096756e-08
8.40792339761e-08
8.41304770642e-08
8.41875786622e-08
8.4249276876e-08
8.43142547822e-08
8.43814750635e-08
8.44505148539e-08
8.4521715083e-08
8.45959794439e-08
8.46742652005e-08
8.47570533751e-08
8.48441289103e-08
8.49347736902e-08
8.50281694916e-08
8.51236868985e-08
8.52208827696e-08
8.53192919558e-08
8.54182555412e-08
8.55169753247e-08
8.56147954734e-08
8.38836075011e-08
8.39088049647e-08
8.39088419692e-08
8.39165408024e-08
8.39254189308e-08
8.3937823025e-08
8.39548801243e-08
8.39777439485e-08
8.40071118074e-08
8.40434120571e-08
8.40867681472e-08
8.41369195058e-08
8.41931707349e-08
8.42544446986e-08
8.43194827857e-08
8.43871867183e-08
8.44569772844e-08
8.45289508168e-08
8.46036902402e-08
8.46818308622e-08
8.47636814944e-08
8.48491505918e-08
8.49379576041e-08
8.50298726331e-08
8.5124735608e-08
8.52222339676e-08
8.53216501206e-08
8.54218333666e-08
8.55214891514e-08
8.56196536607e-08
8.38758845714e-08
8.39019682947e-08
8.3904111538e-08
8.39139102966e-08
8.39249028057e-08
8.39392293846e-08
8.39578640318e-08
8.39818616364e-08
8.40118413716e-08
8.40481772628e-08
8.40910278618e-08
8.414029536e-08
8.419554552e-08
8.42559937773e-08
8.43206405108e-08
8.43885540823e-08
8.44591603815e-08
8.45323358432e-08
8.46082293817e-08
8.46869732824e-08
8.4768546729e-08
8.48529001056e-08
8.49401764023e-08
8.50307484887e-08
8.51249448686e-08
8.52226188484e-08
8.5322877673e-08
8.54242019363e-08
8.55249325166e-08
8.5623875439e-08
8.38667950134e-08
8.38921075651e-08
8.38947410828e-08
8.3905333002e-08
8.39176351494e-08
8.39336511445e-08
8.39541259063e-08
8.39798815647e-08
8.40113135982e-08
8.40485842135e-08
8.4091714915e-08
8.41406132291e-08
8.41950140756e-08
8.42544431015e-08
8.43182941308e-08
8.4386006445e-08
8.44572014636e-08
8.45316408212e-08
8.46090416143e-08
8.46889657548e-08
8.47709689113e-08
8.485494034e-08
8.49413306571e-08
8.50309951097e-08
8.51246670991e-08
8.52223746832e-08
8.53231778196e-08
8.54254001238e-08
8.5527224876e-08
8.5627333342e-08
8.38579452433e-08
8.38811496446e-08
8.38825794743e-08
8.38924197293e-08
8.390478252e-08
8.39216952324e-08
8.39437108622e-08
8.39713799257e-08
8.40047922421e-08
8.40437773925e-08
8.40880534925e-08
8.41373450682e-08
8.41913988071e-08
8.42499785876e-08
8.43129083042e-08
8.43801195866e-08
8.44515820095e-08
8.45270804983e-08
8.46060067442e-08
8.46874221973e-08
8.47704716343e-08
8.48549032594e-08
8.49412918564e-08
8.5030738739e-08
8.51241971891e-08
8.5221836256e-08
8.53228159042e-08
8.54255658913e-08
8.55283648874e-08
8.56298953101e-08
8.38492735544e-08
8.38697795628e-08
8.38687433742e-08
8.38765189401e-08
8.38876320088e-08
8.39043281339e-08
8.39271037312e-08
8.39563166798e-08
8.39917758629e-08
8.40329425202e-08
8.4079118837e-08
8.41296712521e-08
8.41841705837e-08
8.42424751711e-08
8.43047701035e-08
8.43714837625e-08
8.44429977985e-08
8.45192397402e-08
8.45994478226e-08
8.46823729548e-08
8.47668763695e-08
8.48525425159e-08
8.49398729211e-08
8.50299196133e-08
8.51236071503e-08
8.52211700283e-08
8.53219972011e-08
8.54248803877e-08
8.55284417061e-08
8.56314926783e-08
8.38389746659e-08
8.38571933358e-08
8.38532954745e-08
8.38583810777e-08
8.38673301865e-08
8.38827666431e-08
8.39053075256e-08
8.39352861009e-08
8.39723651701e-08
8.40157172402e-08
8.40642197595e-08
8.41167780074e-08
8.41726235064e-08
8.42315319308e-08
8.42938904404e-08
8.4360502798e-08
8.44321093163e-08
8.45088376357e-08
8.45899588272e-08
8.46741749605e-08
8.47602787335e-08
8.48477372711e-08
8.49368214026e-08
8.50282552509e-08
8.51226840891e-08
8.52203069255e-08
8.53208166968e-08
8.54235495793e-08
8.55276547675e-08
8.56321800904e-08
8.38240298421e-08
8.38413335655e-08
8.38352301711e-08
8.38379561767e-08
8.38445887429e-08
8.38582005401e-08
8.38796744486e-08
8.39095057184e-08
8.39474092676e-08
8.3992450865e-08
8.40432028956e-08
8.40981333837e-08
8.41560628057e-08
8.42165347844e-08
8.42799319377e-08
8.43472065081e-08
8.44192831069e-08
8.44964554937e-08
8.45781733545e-08
8.4663356316e-08
8.47509787532e-08
8.48404962091e-08
8.49318731859e-08
8.50253171704e-08
8.51210066817e-08
8.52190017593e-08
8.53192931838e-08
8.54218151242e-08
8.55263139777e-08
8.56321439616e-08
8.38011213919e-08
8.38194930271e-08
8.38127402248e-08
8.38143586013e-08
8.38194152422e-08
8.38313913741e-08
8.38514885568e-08
8.38804870301e-08
8.39183333473e-08
8.39642087934e-08
8.40166043869e-08
8.40737212886e-08
8.41340422885e-08
8.4196826368e-08
8.42622660674e-08
8.43311856089e-08
8.44044293813e-08
8.4482324682e-08
8.45645563998e-08
8.46504580886e-08
8.47394031485e-08
8.48309713519e-08
8.49248474173e-08
8.50206757488e-08
8.5118094973e-08
8.52169436563e-08
8.53174140948e-08
8.54199368111e-08
8.55247900537e-08
8.56316616481e-08
8.37675849804e-08
8.37890674398e-08
8.37836800869e-08
8.37860318649e-08
8.37909904304e-08
8.38023156085e-08
8.38214672114e-08
8.38495116309e-08
8.38867043439e-08
8.39325134554e-08
8.39856014562e-08
8.40441817884e-08
8.41066246535e-08
8.41719948195e-08
8.42402053322e-08
8.4311712929e-08
8.43869991985e-08
8.44662236938e-08
8.4549249127e-08
8.46358839489e-08
8.472601258e-08
8.48194569435e-08
8.49157390793e-08
8.50140516317e-08
8.5113559952e-08
8.52138437933e-08
8.53151317715e-08
8.54181137321e-08
8.55234137111e-08
8.56310381508e-08
8.37220969665e-08
8.37482364932e-08
8.37461171198e-08
8.37511199244e-08
8.37578058317e-08
8.37700474943e-08
8.37894153443e-08
8.38171326531e-08
8.38536914701e-08
8.38988857243e-08
8.39517332763e-08
8.40107585992e-08
8.4074539779e-08
8.41421736524e-08
8.42133480406e-08
8.42880398613e-08
8.43661675954e-08
8.44475243228e-08
8.45319976984e-08
8.46197663916e-08
8.47111765991e-08
8.48063338229e-08
8.49047559722e-08
8.50054192008e-08
8.51072114627e-08
8.52094840843e-08
8.53123239775e-08
8.5416378762e-08
8.55223631936e-08
8.56305464855e-08
8.36649286789e-08
8.36964019026e-08
8.36988392474e-08
8.37079745864e-08
8.37180717803e-08
8.37329777971e-08
8.37541997108e-08
8.37829037934e-08
8.38196096851e-08
8.38643119698e-08
8.3916421461e-08
8.39749855236e-08
8.40391002089e-08
8.41081855702e-08
8.41818911483e-08
8.42597804233e-08
8.43411812116e-08
8.44254168253e-08
8.45122181792e-08
8.46018930147e-08
8.46950297917e-08
8.47919368947e-08
8.48922528625e-08
8.49950138685e-08
8.50991022941e-08
8.52037481939e-08
8.53087811419e-08
8.54145462083e-08
8.55216024677e-08
8.5630387944e-08
8.3597740484e-08
8.36342764484e-08
8.36416731132e-08
8.36556417396e-08
8.36702668903e-08
8.36893046229e-08
8.37140669885e-08
8.37454458966e-08
8.37837144507e-08
8.38288157881e-08
8.38804266542e-08
8.39381650576e-08
8.40018299528e-08
8.4071406499e-08
8.414674877e-08
8.42272313804e-08
8.43117701244e-08
8.43992834276e-08
8.44892287596e-08
8.45817576053e-08
8.46773715067e-08
8.47763783292e-08
8.48785587609e-08
8.49832180605e-08
8.50894902172e-08
8.51966468122e-08
8.53042662701e-08
8.54122738999e-08
8.55209162704e-08
8.56306794809e-08
8.35230042614e-08
8.35636004875e-08
8.35754974514e-08
8.35941417578e-08
8.36136170542e-08
8.36376085916e-08
8.36671910464e-08
8.37028422415e-08
8.37443501193e-08
8.37913214847e-08
8.38434605305e-08
8.39008278929e-08
8.39639115163e-08
8.4033344082e-08
8.41093676243e-08
8.41914562035e-08
8.42784460424e-08
8.43690923966e-08
8.44626046871e-08
8.45587739263e-08
8.46576988774e-08
8.47594242789e-08
8.48637674143e-08
8.49703541456e-08
8.50787122023e-08
8.51883162847e-08
8.52986281154e-08
8.54092287682e-08
8.55200380938e-08
8.56314679165e-08
8.34432392504e-08
8.34865711937e-08
8.35019319875e-08
8.35244275068e-08
8.35483160079e-08
8.35772943163e-08
8.36122529406e-08
8.36532391112e-08
8.3699438593e-08
8.37499154985e-08
8.38041547053e-08
8.38624168915e-08
8.39256693021e-08
8.39950617436e-08
8.40712478593e-08
8.41540225296e-08
8.42425014593e-08
8.43356200368e-08
8.4432521455e-08
8.45326138417e-08
8.46354295892e-08
8.47405417957e-08
8.48476179586e-08
8.49564762092e-08
8.50670011681e-08
8.51789572514e-08
8.52918905475e-08
8.5405269146e-08
8.5518810581e-08
8.56327613023e-08
8.33603141037e-08
8.34051799631e-08
8.34228121528e-08
8.34480381091e-08
8.34754120828e-08
8.35087422918e-08
8.35488485715e-08
8.35954452985e-08
8.36471551913e-08
8.37024518585e-08
8.37604532596e-08
8.38213701025e-08
8.38863254315e-08
8.39566780039e-08
8.40333248507e-08
8.41164312693e-08
8.42056280904e-08
8.43003380815e-08
8.43999067694e-08
8.45035371862e-08
8.46102698449e-08
8.47191653162e-08
8.48295795035e-08
8.49412856975e-08
8.50543255599e-08
8.51687137156e-08
8.52842411349e-08
8.54005298058e-08
8.55172866101e-08
8.56345557491e-08
8.32750646874e-08
8.33207060662e-08
8.33396566647e-08
8.33665972485e-08
8.33964257049e-08
8.34331326612e-08
8.34775814243e-08
8.35293084561e-08
8.35865392958e-08
8.36472827945e-08
8.37103047947e-08
8.37756123246e-08
8.38441723557e-08
8.39171804894e-08
8.39954766925e-08
8.40794502719e-08
8.41692570901e-08
8.42649375394e-08
8.43662635859e-08
8.44725249622e-08
8.45825610586e-08
8.46950976331e-08
8.48091572679e-08
8.49242648891e-08
8.50403616668e-08
8.51575563717e-08
8.52759069741e-08
8.53953397914e-08
8.55156951969e-08
8.5636828427e-08
8.31873632135e-08
8.32335586618e-08
8.32533394217e-08
8.32813656525e-08
8.33128668773e-08
8.33520290217e-08
8.3399816432e-08
8.34557230524e-08
8.35177940326e-08
8.35838196034e-08
8.36523821794e-08
8.3723280175e-08
8.37971360632e-08
8.38746892011e-08
8.39564178907e-08
8.40426654246e-08
8.41338948572e-08
8.42306433971e-08
8.43331587279e-08
8.44410668581e-08
8.45533808622e-08
8.46688364826e-08
8.47863002113e-08
8.49050215384e-08
8.50246768085e-08
8.51452745163e-08
8.52669950033e-08
8.53900010603e-08
8.55142629403e-08
8.56394784533e-08
8.30965686658e-08
8.31434982385e-08
8.31640770214e-08
8.31930203765e-08
8.32258510596e-08
8.32669017727e-08
8.33172082659e-08
8.33762775652e-08
8.34421578077e-08
8.35126937418e-08
8.35865334573e-08
8.36633899091e-08
8.37435242057e-08
8.38271110662e-08
8.39140932709e-08
8.40045081809e-08
8.40987827163e-08
8.41976155975e-08
8.43015479538e-08
8.44106043718e-08
8.45242485322e-08
8.4641595944e-08
8.47616877577e-08
8.48837027666e-08
8.50070936971e-08
8.51316470309e-08
8.52574241451e-08
8.53845576255e-08
8.55129771894e-08
8.5642235144e-08
8.30020874369e-08
8.30500745229e-08
8.30716827499e-08
8.31017151112e-08
8.31359532855e-08
8.31787866942e-08
8.32312126239e-08
8.32927097755e-08
8.33614254403e-08
8.34354699197e-08
8.35137856086e-08
8.35961728955e-08
8.36826537008e-08
8.37729341568e-08
8.38664514529e-08
8.39628119485e-08
8.40620934206e-08
8.41647430273e-08
8.42712402152e-08
8.43818348951e-08
8.44964857271e-08
8.46149155336e-08
8.47366797421e-08
8.48612386515e-08
8.49880638326e-08
8.5116749535e-08
8.52470408419e-08
8.53787257921e-08
8.55114504278e-08
8.56446028305e-08
8.29037061787e-08
8.29530011963e-08
8.29758992077e-08
8.30073296595e-08
8.30433139322e-08
8.30881967592e-08
8.31427847245e-08
8.32064201017e-08
8.32773561307e-08
8.3354071418e-08
8.34359313296e-08
8.35229545349e-08
8.36150963786e-08
8.37118238472e-08
8.38122756214e-08
8.39156857643e-08
8.40216299674e-08
8.41299862718e-08
8.42407999412e-08
8.43542231053e-08
8.44705117084e-08
8.45899758241e-08
8.47128557683e-08
8.48391961569e-08
8.49687935345e-08
8.51012222527e-08
8.52358905649e-08
8.53720888596e-08
8.55090335027e-08
8.56459336317e-08
8.56772208219e-08
8.57963320417e-08
8.59201704605e-08
8.60455893388e-08
8.61683751752e-08
8.6284810263e-08
8.63931328159e-08
8.64941413611e-08
8.65906155105e-08
8.66858972993e-08
8.67824395992e-08
8.6881035836e-08
8.6980897549e-08
8.70802224437e-08
8.71768005743e-08
8.7268487449e-08
8.73536313569e-08
8.74315077979e-08
8.75026178035e-08
8.75686392388e-08
8.76319301887e-08
8.7694618137e-08
8.77575035736e-08
8.78194204807e-08
8.7877778062e-08
8.79303010698e-08
8.79757470566e-08
8.80159513144e-08
8.80428682186e-08
8.8088686024e-08
8.56789798491e-08
8.57961536021e-08
8.59174585954e-08
8.60401736989e-08
8.61607363681e-08
8.6275933719e-08
8.63840719694e-08
8.64855570328e-08
8.65825527358e-08
8.66778747179e-08
8.67737184122e-08
8.68708706267e-08
8.69686701587e-08
8.70654929896e-08
8.71593461209e-08
8.72483400641e-08
8.73310743323e-08
8.74070027171e-08
8.74766748316e-08
8.75416510706e-08
8.7603988912e-08
8.76653754695e-08
8.77261673654e-08
8.77848844663e-08
8.78387025555e-08
8.788491326e-08
8.7921332185e-08
8.79483762134e-08
8.79589733572e-08
8.79918459243e-08
8.56820783447e-08
8.57960521778e-08
8.5913380918e-08
8.60318747303e-08
8.614874616e-08
8.62614156027e-08
8.63683505764e-08
8.64695709105e-08
8.65665230614e-08
8.66613277527e-08
8.67557750685e-08
8.68505940546e-08
8.69453122798e-08
8.70386157156e-08
8.71288706873e-08
8.72145522693e-08
8.72945605007e-08
8.73684945872e-08
8.74368319767e-08
8.75008414191e-08
8.75621229871e-08
8.76218431993e-08
8.76799110451e-08
8.77345614206e-08
8.77827876945e-08
8.78216348217e-08
8.78486068313e-08
8.78643189439e-08
8.78643066585e-08
8.78923904248e-08
8.56855884354e-08
8.57963022755e-08
8.59097924488e-08
8.60243672621e-08
8.61379081978e-08
8.62483520991e-08
8.63542559623e-08
8.64552442564e-08
8.65520797476e-08
8.66462350991e-08
8.67391401401e-08
8.68315115506e-08
8.69231148226e-08
8.7012991266e-08
8.70998916024e-08
8.71826444329e-08
8.72603949592e-08
8.73327926453e-08
8.74001320852e-08
8.7463309176e-08
8.75234615293e-08
8.75813186818e-08
8.76364747269e-08
8.7687009503e-08
8.77298833293e-08
8.77622185061e-08
8.77818888814e-08
8.77905879364e-08
8.77860235581e-08
8.78140264343e-08
8.56895396241e-08
8.57971134699e-08
8.59069793685e-08
8.60179572549e-08
8.61285548739e-08
8.62371664864e-08
8.63423950111e-08
8.64434443489e-08
8.65403732353e-08
8.66339901933e-08
8.67253757775e-08
8.68152954857e-08
8.69038552059e-08
8.69905497985e-08
8.70745564066e-08
8.71550189949e-08
8.72312211591e-08
8.73027191576e-08
8.73694842467e-08
8.74319483805e-08
8.74907916082e-08
8.75464303331e-08
8.75983633361e-08
8.76447712172e-08
8.76828245202e-08
8.77099490362e-08
8.77245499073e-08
8.77292185159e-08
8.77227200529e-08
8.77516229557e-08
8.56937106362e-08
8.57983884862e-08
8.59049293046e-08
8.60126836321e-08
8.6120754568e-08
8.62279477378e-08
8.63328808059e-08
8.64343234001e-08
8.65316187697e-08
8.66248987106e-08
8.67149033411e-08
8.68025036601e-08
8.68882435085e-08
8.69721596486e-08
8.70538751164e-08
8.71327759034e-08
8.72081440141e-08
8.72792896681e-08
8.73457485824e-08
8.74074601669e-08
8.74647303011e-08
8.75178539236e-08
8.75664799385e-08
8.76091010656e-08
8.76432136097e-08
8.76665584939e-08
8.76779438709e-08
8.76804778753e-08
8.76733161553e-08
8.77036295607e-08
8.56980534105e-08
8.58000964723e-08
8.59036005718e-08
8.60084578638e-08
8.61143312131e-08
8.6220394416e-08
8.63252661622e-08
8.6427302823e-08
8.65251633905e-08
8.66183209909e-08
8.67071843468e-08
8.6792753153e-08
8.68760534982e-08
8.6957699532e-08
8.70377417928e-08
8.7115719475e-08
8.71907855278e-08
8.72618967323e-08
8.73281158312e-08
8.73889446473e-08
8.74444541602e-08
8.74949999236e-08
8.75405384091e-08
8.7579953673e-08
8.76110712822e-08
8.76318975663e-08
8.76414994998e-08
8.7643225855e-08
8.76363371263e-08
8.76686786204e-08
8.57025222446e-08
8.58022089994e-08
8.59029882068e-08
8.60052773062e-08
8.61092366136e-08
8.62143511924e-08
8.63192396976e-08
8.64219101381e-08
8.65204300883e-08
8.6613680768e-08
8.67017536407e-08
8.67857531275e-08
8.68671537945e-08
8.69471106972e-08
8.70260467032e-08
8.71035729223e-08
8.71786319603e-08
8.72497927837e-08
8.73156888371e-08
8.73754975096e-08
8.74291937282e-08
8.74773033287e-08
8.75201389423e-08
8.75569813016e-08
8.75859888746e-08
8.76054137915e-08
8.76144541819e-08
8.76164865658e-08
8.76107555581e-08
8.76457294724e-08
8.57070320935e-08
8.58047092555e-08
8.59031562163e-08
8.60032546528e-08
8.61055651894e-08
8.62098150609e-08
8.63146409445e-08
8.64178176036e-08
8.65169797426e-08
8.66105340805e-08
8.66982735829e-08
8.67813327672e-08
8.68615181923e-08
8.69404172547e-08
8.70187430832e-08
8.7096123609e-08
8.71712731322e-08
8.72424125773e-08
8.73078461058e-08
8.73665513901e-08
8.74185012951e-08
8.74644244223e-08
8.75049850816e-08
8.75398755789e-08
8.75676273976e-08
8.75867078563e-08
8.75962745812e-08
8.75995369497e-08
8.75956868684e-08
8.76336204116e-08
8.57115424255e-08
8.58077097386e-08
8.5904354545e-08
8.60027048107e-08
8.61035952894e-08
8.62069321923e-08
8.63114259506e-08
8.641479264e-08
8.65144566656e-08
8.66085114779e-08
8.66964695611e-08
8.67793684125e-08
8.68591479011e-08
8.69376502418e-08
8.70157783243e-08
8.70931616558e-08
8.71683422331e-08
8.7239301621e-08
8.7304144992e-08
8.73617539975e-08
8.7412138622e-08
8.74562164319e-08
8.7494995107e-08
8.75286139745e-08
8.7555999745e-08
8.75757304008e-08
8.75867070479e-08
8.7591825284e-08
8.75902554915e-08
8.76310545964e-08
8.57160981232e-08
8.5811449435e-08
8.59069647426e-08
8.6004047824e-08
8.61036730298e-08
8.62058941054e-08
8.63096047911e-08
8.64126934342e-08
8.65126408201e-08
8.66074077791e-08
8.66962279422e-08
8.67798607079e-08
8.68601079427e-08
8.6938835513e-08
8.70170352849e-08
8.70943805926e-08
8.71693802513e-08
8.72399464665e-08
8.730412507e-08
8.73607691594e-08
8.74099186744e-08
8.7452643025e-08
8.74902806005e-08
8.75234252766e-08
8.7551344511e-08
8.75725520382e-08
8.75854977407e-08
8.75927088965e-08
8.75934117925e-08
8.76365886447e-08
8.57207196831e-08
8.58160867273e-08
8.59112271532e-08
8.60075211984e-08
8.61059661354e-08
8.62067791708e-08
8.63091942891e-08
8.64115282509e-08
8.6511583162e-08
8.66073465996e-08
8.66977418532e-08
8.6783029061e-08
8.68645639556e-08
8.6943991992e-08
8.70223231638e-08
8.70993852052e-08
8.71738658561e-08
8.72438153382e-08
8.73073474841e-08
8.73633142089e-08
8.741174319e-08
8.74537961668e-08
8.74910935863e-08
8.75246184885e-08
8.75538460373e-08
8.75770457467e-08
8.75921135882e-08
8.76012562995e-08
8.76038429797e-08
8.76486739198e-08
8.57252839557e-08
8.58215107425e-08
8.5917021296e-08
8.60129785766e-08
8.6110322909e-08
8.62094916942e-08
8.63102290218e-08
8.64115066913e-08
8.65116540597e-08
8.6608786801e-08
8.67014553484e-08
8.67892020945e-08
8.68726563283e-08
8.69530419781e-08
8.70313679735e-08
8.71077769475e-08
8.71813774891e-08
8.72505611658e-08
8.73136061246e-08
8.73693550054e-08
8.7417753273e-08
8.74599614252e-08
8.74977729832e-08
8.75324229475e-08
8.75634376343e-08
8.75887355462e-08
8.76056807982e-08
8.7616282958e-08
8.76201121792e-08
8.7665852467e-08
8.57295368322e-08
8.58273543206e-08
8.59238949268e-08
8.60199498188e-08
8.61163632613e-08
8.62138620806e-08
8.63128319759e-08
8.64130398609e-08
8.6513446829e-08
8.66123304145e-08
8.67078068873e-08
8.67985506803e-08
8.68842835156e-08
8.69656915395e-08
8.70438059576e-08
8.71192422497e-08
8.7191738102e-08
8.72601847021e-08
8.73230819565e-08
8.73792286754e-08
8.74283931032e-08
8.74716004226e-08
8.75106566059e-08
8.75468879225e-08
8.75797665417e-08
8.76068746333e-08
8.76251778304e-08
8.76366395428e-08
8.76410326932e-08
8.76871293001e-08
8.57332077932e-08
8.58331502076e-08
8.59312576585e-08
8.60278587552e-08
8.61236909877e-08
8.62198098203e-08
8.63172832907e-08
8.6416687719e-08
8.65176094326e-08
8.66184796743e-08
8.67169748016e-08
8.68108838192e-08
8.68989864295e-08
8.69814057714e-08
8.70592207516e-08
8.7133609232e-08
8.72050561993e-08
8.72730414978e-08
8.7336308561e-08
8.73935610693e-08
8.74442759468e-08
8.74891834933e-08
8.7529932722e-08
8.75678228666e-08
8.76022699838e-08
8.76306555398e-08
8.76497438997e-08
8.76615785323e-08
8.76660680987e-08
8.77123193808e-08
8.57361112192e-08
8.58384729664e-08
8.59385547294e-08
8.60362064233e-08
8.61320506927e-08
8.62274342604e-08
8.63240173985e-08
8.6423063619e-08
8.65246920893e-08
8.66274874836e-08
8.67287895831e-08
8.68256535479e-08
8.69160344182e-08
8.69995295935e-08
8.70772423827e-08
8.71508830653e-08
8.72216811563e-08
8.72897194971e-08
8.73539808543e-08
8.7413020099e-08
8.74659117165e-08
8.75129460875e-08
8.75554920248e-08
8.75947903759e-08
8.76303057101e-08
8.76594303274e-08
8.76789262975e-08
8.76909760542e-08
8.76954929522e-08
8.77420999942e-08
8.5738180133e-08
8.58430032453e-08
8.59453491393e-08
8.6044642404e-08
8.61413545054e-08
8.62369739963e-08
8.63335182964e-08
8.64327001656e-08
8.65350410055e-08
8.66393362314e-08
8.67428274814e-08
8.68421480172e-08
8.69346618582e-08
8.70194964559e-08
8.70976718517e-08
8.71712620461e-08
8.72421139196e-08
8.73108605963e-08
8.73767099637e-08
8.74380390214e-08
8.74934531649e-08
8.75427213456e-08
8.75868901167e-08
8.76271950051e-08
8.76633142653e-08
8.76928696924e-08
8.77127664261e-08
8.77252975883e-08
8.77302072967e-08
8.77776850557e-08
8.57394630229e-08
8.58465621504e-08
8.59513631822e-08
8.60529684469e-08
8.61516130523e-08
8.62486625165e-08
8.6346136572e-08
8.64458922612e-08
8.65487341103e-08
8.6653805631e-08
8.67586034101e-08
8.68597569369e-08
8.69543299309e-08
8.70410180078e-08
8.71205613884e-08
8.71951058497e-08
8.7266883302e-08
8.73369754467e-08
8.74048156207e-08
8.74686367596e-08
8.75265980479e-08
8.75779591698e-08
8.76234765756e-08
8.76644690226e-08
8.77009817198e-08
8.77310277697e-08
8.77517176222e-08
8.77653504235e-08
8.77713182646e-08
8.78202985952e-08
8.57401294598e-08
8.58491704284e-08
8.59565373984e-08
8.60611357584e-08
8.61628380484e-08
8.62625526513e-08
8.63618966328e-08
8.64625640036e-08
8.65655643424e-08
8.66705835314e-08
8.67757715971e-08
8.68781939111e-08
8.69749011002e-08
8.70641649815e-08
8.71461906199e-08
8.72228261251e-08
8.72963890406e-08
8.73682865972e-08
8.74382203514e-08
8.7504407527e-08
8.75646949956e-08
8.76179300311e-08
8.76646389233e-08
8.77062783418e-08
8.77433372994e-08
8.7774291532e-08
8.77964427056e-08
8.78119537996e-08
8.78197108837e-08
8.78707305161e-08
8.57404876617e-08
8.5851118097e-08
8.59610938884e-08
8.60692465724e-08
8.61749637592e-08
8.62783882703e-08
8.63803805969e-08
8.64822235899e-08
8.65850898434e-08
8.66893903776e-08
8.67942710646e-08
8.68976035263e-08
8.69966658752e-08
8.70893010666e-08
8.71749246371e-08
8.72547091668e-08
8.73307436107e-08
8.74046459466e-08
8.74764848214e-08
8.75446845069e-08
8.76070037115e-08
8.7662013616e-08
8.77100385563e-08
8.77526406859e-08
8.77907256692e-08
8.78232208099e-08
8.78475669944e-08
8.78656625288e-08
8.78757893916e-08
8.7929159755e-08
8.57409775999e-08
8.58529754197e-08
8.5965538588e-08
8.60775319247e-08
8.61878097141e-08
8.62955827881e-08
8.64007547769e-08
8.65040481702e-08
8.66067550556e-08
8.67100905388e-08
8.68143790183e-08
8.69185271837e-08
8.70202191799e-08
8.71168933651e-08
8.72070009321e-08
8.72907338227e-08
8.73696778194e-08
8.74455701587e-08
8.75189807774e-08
8.7588812575e-08
8.76529925234e-08
8.77099357661e-08
8.77597233556e-08
8.78038934903e-08
8.78436559626e-08
8.78783370612e-08
8.79054771381e-08
8.79266357396e-08
8.79394533764e-08
8.7995250885e-08
8.57421050019e-08
8.58554882626e-08
8.59705530074e-08
8.60862854795e-08
8.62010954395e-08
8.63133283244e-08
8.64219514356e-08
8.65270855801e-08
8.66300475927e-08
8.67327518503e-08
8.68366518939e-08
8.69417404995e-08
8.70462357131e-08
8.7147279333e-08
8.72423420881e-08
8.73304773333e-08
8.74125713505e-08
8.74903980914e-08
8.75651379586e-08
8.76364131398e-08
8.77025398698e-08
8.77618476653e-08
8.7814070232e-08
8.78605324111e-08
8.79026003492e-08
8.79399537063e-08
8.79702409347e-08
8.79946760303e-08
8.80102627231e-08
8.80684064486e-08
8.57443192545e-08
8.58593666321e-08
8.59767904491e-08
8.60957684273e-08
8.62145098468e-08
8.63308135595e-08
8.64429556717e-08
8.65505043622e-08
8.6654624399e-08
8.67576120187e-08
8.68617543452e-08
8.69680090984e-08
8.70752306434e-08
8.71804987998e-08
8.72804993792e-08
8.73731806635e-08
8.74586206029e-08
8.75385148579e-08
8.76146587128e-08
8.76875221685e-08
8.77559516572e-08
8.78182199054e-08
8.78735957294e-08
8.79230044364e-08
8.79678375974e-08
8.80081185337e-08
8.80416661814e-08
8.80693931528e-08
8.80876829194e-08
8.8148034758e-08
8.57478797102e-08
8.58650450938e-08
8.59846544853e-08
8.61061271902e-08
8.62278210025e-08
8.63474830816e-08
8.64631006407e-08
8.65737982911e-08
8.66803453304e-08
8.67849383531e-08
8.68902125381e-08
8.69978381384e-08
8.71074000624e-08
8.72162789342e-08
8.73207816449e-08
8.74179738042e-08
8.75070866556e-08
8.75895466254e-08
8.76676027205e-08
8.77425417048e-08
8.78137965997e-08
8.78796133345e-08
8.79387311063e-08
8.79915499788e-08
8.80394003648e-08
8.80826716429e-08
8.81194458312e-08
8.81503986323e-08
8.81712972278e-08
8.82337393837e-08
8.575276956e-08
8.58725231938e-08
8.59941597424e-08
8.61173646155e-08
8.62409882245e-08
8.63632412829e-08
8.64822606746e-08
8.65968679465e-08
8.67071966272e-08
8.68148232403e-08
8.69221727227e-08
8.70313036659e-08
8.71426054876e-08
8.72541897228e-08
8.73625310758e-08
8.74641755074e-08
8.75575174852e-08
8.76434376652e-08
8.77243052071e-08
8.7802036235e-08
8.78766488615e-08
8.7946442154e-08
8.80096637254e-08
8.80661500201e-08
8.81171225318e-08
8.81633621325e-08
8.82033020829e-08
8.82374412803e-08
8.82609152913e-08
8.83253990819e-08
8.57586945208e-08
8.58813655506e-08
8.60049453322e-08
8.61293792918e-08
8.62542228433e-08
8.63785067515e-08
8.65008588808e-08
8.66199515643e-08
8.67351479491e-08
8.68470113115e-08
8.69572707191e-08
8.70680350723e-08
8.71805041624e-08
8.72938986374e-08
8.74054228993e-08
8.75115333313e-08
8.76098444092e-08
8.77003769001e-08
8.77851721574e-08
8.78664759348e-08
8.79448619074e-08
8.80188342238e-08
8.80863010095e-08
8.81465765787e-08
8.82007383993e-08
8.82499538236e-08
8.82930655563e-08
8.83304443879e-08
8.83565698897e-08
8.84231485622e-08
8.57651599475e-08
8.58908670319e-08
8.60164410674e-08
8.61420506507e-08
8.62679523372e-08
8.63940700103e-08
8.65196721031e-08
8.66434409853e-08
8.67640292699e-08
8.6880864372e-08
8.69946919033e-08
8.71073615267e-08
8.72207566949e-08
8.73353938459e-08
8.74496418027e-08
8.7560293022e-08
8.76643150252e-08
8.77606161823e-08
8.78504512042e-08
8.79360412708e-08
8.8018464077e-08
8.80966306036e-08
8.81683475065e-08
8.82325017777e-08
8.82899801096e-08
8.83422821196e-08
8.83886809936e-08
8.84294640026e-08
8.84584375562e-08
8.85272829325e-08
8.57715832704e-08
8.59003032495e-08
8.60281048997e-08
8.61553163612e-08
8.62826784846e-08
8.64107904193e-08
8.65395039432e-08
8.66676707131e-08
8.67935102885e-08
8.69155160578e-08
8.70334209975e-08
8.7148560293e-08
8.72632016703e-08
8.73790523297e-08
8.74958429082e-08
8.76110707994e-08
8.7721308797e-08
8.78242750598e-08
8.79200795963e-08
8.80105580026e-08
8.80971930175e-08
8.81794939213e-08
8.8255438871e-08
8.83236111518e-08
8.83846430515e-08
8.84402653957e-08
8.84901716515e-08
8.85346149784e-08
8.85667284746e-08
8.86381113658e-08
8.57773933729e-08
8.59091373635e-08
8.60395995772e-08
8.61691806765e-08
8.62987699385e-08
8.64292517173e-08
8.6560866702e-08
8.66927826506e-08
8.68232116055e-08
8.69501701278e-08
8.70725835863e-08
8.71910920111e-08
8.73079010484e-08
8.74255038064e-08
8.75449099566e-08
8.76645983336e-08
8.77811371747e-08
8.78912283233e-08
8.79936651426e-08
8.80895617373e-08
8.81806196308e-08
8.82670537692e-08
8.83472679884e-08
8.84196837172e-08
8.84846149353e-08
8.85438931917e-08
8.85975984344e-08
8.8646004235e-08
8.8681584874e-08
8.8755805924e-08
8.57820989111e-08
8.59170792878e-08
8.60507991152e-08
8.61836220008e-08
8.6316268128e-08
8.64495295852e-08
8.65838191986e-08
8.67187306292e-08
8.68528990528e-08
8.69844089818e-08
8.71117256811e-08
8.72347141108e-08
8.73550294229e-08
8.74753454247e-08
8.75976192469e-08
8.77214623159e-08
8.7843926102e-08
8.79611250191e-08
8.80705918161e-08
8.81724372763e-08
8.82682848994e-08
8.83590187639e-08
8.8443658599e-08
8.85206240353e-08
8.85898753664e-08
8.86532077643e-08
8.87110330597e-08
8.87636963494e-08
8.88030311199e-08
8.88803286594e-08
8.28015000345e-08
8.28522338345e-08
8.28765874166e-08
8.29097183909e-08
8.29478725539e-08
8.29952611158e-08
8.30523534349e-08
8.31182392276e-08
8.31912378421e-08
8.32702010013e-08
8.33549220484e-08
8.34456695385e-08
8.35424615438e-08
8.36447679197e-08
8.37517020909e-08
8.38623174261e-08
8.39757349699e-08
8.40911675317e-08
8.42080134132e-08
8.43260327762e-08
8.4445462204e-08
8.45669460738e-08
8.46912974697e-08
8.48191956744e-08
8.49509311095e-08
8.50862703864e-08
8.52244781403e-08
8.53644927804e-08
8.55051968481e-08
8.56456740841e-08
8.26954094684e-08
8.27477209819e-08
8.27736553091e-08
8.28087824503e-08
8.28495397092e-08
8.28999343847e-08
8.29599924768e-08
8.3028481876e-08
8.31037594078e-08
8.31850064482e-08
8.3272359785e-08
8.33662720831e-08
8.34668584936e-08
8.35737388214e-08
8.3686206079e-08
8.38033410954e-08
8.3923999068e-08
8.40468741646e-08
8.41707708567e-08
8.42949621831e-08
8.44194118974e-08
8.45447396178e-08
8.46719599491e-08
8.48021047793e-08
8.49358505793e-08
8.5073267964e-08
8.52137870164e-08
8.53563984893e-08
8.54999999937e-08
8.56437164506e-08
8.25848282291e-08
8.26390389737e-08
8.26668018855e-08
8.27043271551e-08
8.27481784377e-08
8.28020949729e-08
8.28656015961e-08
8.29371462634e-08
8.30151437877e-08
8.30990661411e-08
8.31892817005e-08
8.32863127089e-08
8.33903177417e-08
8.35010734301e-08
8.3618101911e-08
8.37406266358e-08
8.38674566108e-08
8.39970742476e-08
8.41279878736e-08
8.42591460476e-08
8.43901790379e-08
8.45213834046e-08
8.46535056831e-08
8.47874272051e-08
8.4923848696e-08
8.5063067293e-08
8.52049174419e-08
8.53488856973e-08
8.54943268994e-08
8.56406601886e-08
8.24685499093e-08
8.25252217845e-08
8.25553055754e-08
8.25958439596e-08
8.26434323756e-08
8.27014662752e-08
8.27689459329e-08
8.28440604134e-08
8.29253513765e-08
8.30125702941e-08
8.31062267928e-08
8.32068057637e-08
8.33144123097e-08
8.34288723233e-08
8.35498325003e-08
8.36766429618e-08
8.38082268622e-08
8.3943190121e-08
8.40801511644e-08
8.4218064612e-08
8.43563602344e-08
8.44948896203e-08
8.46337801444e-08
8.47732920028e-08
8.49137217648e-08
8.50553531556e-08
8.51984346124e-08
8.53431573074e-08
8.54896156884e-08
8.56377527176e-08
8.23451381424e-08
8.24049547413e-08
8.24380676202e-08
8.24824383155e-08
8.2534587034e-08
8.25974718412e-08
8.26695626924e-08
8.27488793538e-08
8.28341765665e-08
8.29254889248e-08
8.3023407981e-08
8.31283081007e-08
8.32401441539e-08
8.33586358116e-08
8.34833731197e-08
8.36137345806e-08
8.37488347565e-08
8.38876541682e-08
8.40292591948e-08
8.41729253788e-08
8.43180917138e-08
8.44642306483e-08
8.46107735571e-08
8.47571714581e-08
8.490306478e-08
8.50484561757e-08
8.51937678734e-08
8.533972369e-08
8.54870920971e-08
8.56364037112e-08
8.22134237518e-08
8.22770027506e-08
8.2313920912e-08
8.23630212838e-08
8.24206473829e-08
8.24892226532e-08
8.25666970189e-08
8.26510164452e-08
8.27412187243e-08
8.28376091571e-08
8.29408082756e-08
8.30510261623e-08
8.31679862843e-08
8.32911632003e-08
8.34199346055e-08
8.35536204738e-08
8.36915543667e-08
8.38332051658e-08
8.39782273876e-08
8.41263517982e-08
8.42771675341e-08
8.44299438697e-08
8.45836268264e-08
8.47370479243e-08
8.48892628378e-08
8.50398607328e-08
8.51890924605e-08
8.5337754818e-08
8.54868880433e-08
8.56374259617e-08
8.2072724715e-08
8.21405430314e-08
8.21819862791e-08
8.22366571175e-08
8.23006342849e-08
8.23757327805e-08
8.24594242524e-08
8.25496812866e-08
8.26458654643e-08
8.27485038935e-08
8.28581689756e-08
8.29748399863e-08
8.30979362663e-08
8.32266030737e-08
8.33599475838e-08
8.3497226624e-08
8.36380106248e-08
8.37822344462e-08
8.39300539681e-08
8.4081557765e-08
8.42364834938e-08
8.43940811151e-08
8.45531845083e-08
8.47124604062e-08
8.48707355107e-08
8.50272784621e-08
8.51819409266e-08
8.53351272416e-08
8.5487629622e-08
8.56404026553e-08
8.19226840969e-08
8.19951815684e-08
8.20418203221e-08
8.21028132015e-08
8.21738955455e-08
8.22562431421e-08
8.23469389363e-08
8.24440982642e-08
8.25474254157e-08
8.26575855265e-08
8.27749910398e-08
8.28992959904e-08
8.30295496771e-08
8.31645541958e-08
8.33032015676e-08
8.34447660227e-08
8.35890640082e-08
8.37363642059e-08
8.38870751511e-08
8.40413938339e-08
8.41990991035e-08
8.43595487533e-08
8.45218198075e-08
8.46848935943e-08
8.48478166842e-08
8.50098171651e-08
8.51703878425e-08
8.5329351833e-08
8.54869074933e-08
8.56436269964e-08
8.17630679947e-08
8.18407787783e-08
8.18933175723e-08
8.19613572843e-08
8.20402093369e-08
8.21304182255e-08
8.22288140729e-08
8.23337866347e-08
8.24453860865e-08
8.25643079243e-08
8.26906711265e-08
8.28237018343e-08
8.29620447703e-08
8.31042226866e-08
8.32490491866e-08
8.33959217898e-08
8.35448649686e-08
8.36962723692e-08
8.38505080853e-08
8.40076240132e-08
8.41673307203e-08
8.43291567999e-08
8.449262542e-08
8.46573200152e-08
8.4822831049e-08
8.49886703744e-08
8.51542548698e-08
8.5319005984e-08
8.54825327897e-08
8.56448111501e-08
8.15939408565e-08
8.16774224053e-08
8.17365913886e-08
8.18124136016e-08
8.18996761333e-08
8.19983135321e-08
8.2105063299e-08
8.22187130667e-08
8.23396310922e-08
8.2468412286e-08
8.26047490436e-08
8.27473718585e-08
8.28945582495e-08
8.30446914666e-08
8.31966665786e-08
8.33500576451e-08
8.35049770797e-08
8.36617037346e-08
8.38203236958e-08
8.39806122483e-08
8.41421883469e-08
8.43047760469e-08
8.44683622697e-08
8.46331482727e-08
8.47993453456e-08
8.49669546399e-08
8.51356590638e-08
8.53048764629e-08
8.54739392072e-08
8.56423181936e-08
8.14161028719e-08
8.15056455278e-08
8.15720357545e-08
8.16563206775e-08
8.17526174873e-08
8.1860263985e-08
8.19760636203e-08
8.20992793066e-08
8.22305058213e-08
8.23700726225e-08
8.2517133221e-08
8.26699295055e-08
8.28265026361e-08
8.29852829686e-08
8.31453641167e-08
8.33064496537e-08
8.34685523523e-08
8.36316351095e-08
8.37954139104e-08
8.3959425303e-08
8.4123278071e-08
8.42869013279e-08
8.44506303409e-08
8.46150907524e-08
8.47809579629e-08
8.49487143327e-08
8.51184975997e-08
8.5290071594e-08
8.54629014061e-08
8.56362973689e-08
8.1231030758e-08
8.1326477817e-08
8.14004162194e-08
8.14937193713e-08
8.15996266337e-08
8.17168948345e-08
8.18425379471e-08
8.19762934469e-08
8.2118802634e-08
8.22699323326e-08
8.24282298442e-08
8.25915470654e-08
8.27578867864e-08
8.29258925213e-08
8.30948742545e-08
8.32645263068e-08
8.34345798016e-08
8.36045996026e-08
8.37740085454e-08
8.39422770841e-08
8.4109141608e-08
8.42747327348e-08
8.4439565722e-08
8.4604415565e-08
8.47701371923e-08
8.4937490839e-08
8.51070083477e-08
8.52789104998e-08
8.54530749565e-08
8.56290588971e-08
8.10397453486e-08
8.11408199629e-08
8.12225845172e-08
8.13254660886e-08
8.14415855474e-08
8.1569186549e-08
8.1705622455e-08
8.18510089933e-08
8.20057725522e-08
8.21691244533e-08
8.2339017105e-08
8.25130889078e-08
8.26894977172e-08
8.28671649164e-08
8.30455162505e-08
8.32240708049e-08
8.3402198539e-08
8.35791545726e-08
8.37542827284e-08
8.39272081694e-08
8.40979125166e-08
8.4266696982e-08
8.443409521e-08
8.46007859135e-08
8.47675194105e-08
8.49350502106e-08
8.51040666256e-08
8.52751160786e-08
8.5448532075e-08
8.56243753318e-08
8.08413229346e-08
8.09483982362e-08
8.10387749829e-08
8.11521483338e-08
8.12793520125e-08
8.14182926473e-08
8.15667610822e-08
8.17250501174e-08
8.18930687836e-08
8.20692475011e-08
8.22510583435e-08
8.24361331324e-08
8.26228899436e-08
8.28104508631e-08
8.29981858668e-08
8.31853442368e-08
8.33710244332e-08
8.35544119544e-08
8.3735034135e-08
8.39128387786e-08
8.40880870025e-08
8.42611815243e-08
8.44325507694e-08
8.46026255156e-08
8.4771870508e-08
8.49408166557e-08
8.51100647912e-08
8.52802592775e-08
8.5452037137e-08
8.56259539963e-08
8.06329656905e-08
8.0747569906e-08
8.08482530629e-08
8.09736350154e-08
8.11133012014e-08
8.12651087092e-08
8.14273038056e-08
8.1600046257e-08
8.17824418535e-08
8.19721315822e-08
8.21663032816e-08
8.2362742219e-08
8.25600938123e-08
8.27575046439e-08
8.29541573238e-08
8.31490948488e-08
8.33413938665e-08
8.35304651268e-08
8.37162122696e-08
8.38989436451e-08
8.40791301819e-08
8.42571822315e-08
8.44333595514e-08
8.46078157779e-08
8.47807052435e-08
8.49522788455e-08
8.51229372521e-08
8.5293245474e-08
8.54639184109e-08
8.56357733573e-08
8.04127470315e-08
8.05370455825e-08
8.06502895382e-08
8.07895776122e-08
8.09435314391e-08
8.11102582027e-08
8.12883211949e-08
8.14773439221e-08
8.16754159419e-08
8.18794948246e-08
8.20866823528e-08
8.22949572049e-08
8.25030461281e-08
8.27099646583e-08
8.29147314048e-08
8.31164167256e-08
8.33143846295e-08
8.35084818487e-08
8.36990182763e-08
8.3886554882e-08
8.40716349228e-08
8.42546010159e-08
8.44355628503e-08
8.46144880442e-08
8.47913388244e-08
8.49661849271e-08
8.51392646665e-08
8.53110039279e-08
8.54820135919e-08
8.56530726746e-08
8.0183122269e-08
8.0318550884e-08
8.04461678465e-08
8.06010546942e-08
8.07712327587e-08
8.09551831835e-08
8.11514257691e-08
8.13586027503e-08
8.1573686441e-08
8.17931173301e-08
8.20140246625e-08
8.2234498614e-08
8.24532012638e-08
8.2669015694e-08
8.28810076013e-08
8.30885794463e-08
8.32915961966e-08
8.34903598444e-08
8.36854432631e-08
8.38774694043e-08
8.40669275665e-08
8.42540840312e-08
8.443899876e-08
8.46216191776e-08
8.48018979488e-08
8.49798836824e-08
8.51557600572e-08
8.5329842924e-08
8.55025648514e-08
8.5674472301e-08
7.99509581398e-08
8.00973534465e-08
8.02400853993e-08
8.04118441359e-08
8.06001869497e-08
8.08037348211e-08
8.1020368845e-08
8.12473376136e-08
8.14805130827e-08
8.17159811583e-08
8.19509176258e-08
8.21834330066e-08
8.24121328093e-08
8.26359763023e-08
8.28543808725e-08
8.30672901773e-08
8.32750725777e-08
8.34783141942e-08
8.36776277436e-08
8.38735388192e-08
8.40664411906e-08
8.42565924564e-08
8.44441375075e-08
8.46291586627e-08
8.48117409455e-08
8.49920254367e-08
8.51702263371e-08
8.5346611359e-08
8.552147175e-08
8.56951167345e-08
7.97219741593e-08
7.98785309531e-08
8.00368666403e-08
8.02271790156e-08
8.0436263605e-08
8.06622307003e-08
8.09015544991e-08
8.11497741004e-08
8.14017709733e-08
8.16534191666e-08
8.19019675582e-08
8.21456138863e-08
8.23831477352e-08
8.26139365077e-08
8.28379727593e-08
8.30557365874e-08
8.32679105451e-08
8.34751320206e-08
8.36778995725e-08
8.38766079538e-08
8.40716144745e-08
8.42632668019e-08
8.44518902184e-08
8.46377723181e-08
8.48211727294e-08
8.50023504227e-08
8.51815803852e-08
8.53591419012e-08
8.55352891373e-08
8.5710235332e-08
7.94937056857e-08
7.96613937283e-08
7.9837607194e-08
8.00501246102e-08
8.0284307644e-08
8.05367830275e-08
8.08018039872e-08
8.10730305838e-08
8.13445496333e-08
8.16122128441e-08
8.18735181801e-08
8.21270446293e-08
8.23721360159e-08
8.26088212917e-08
8.28376743975e-08
8.30595199109e-08
8.32751273931e-08
8.34850618136e-08
8.36897224786e-08
8.3889474216e-08
8.40847483545e-08
8.42760532538e-08
8.44639155373e-08
8.46488145615e-08
8.48311583428e-08
8.50113045246e-08
8.51895947777e-08
8.53663689214e-08
8.55419503315e-08
8.57166223657e-08
7.92548859679e-08
7.94381584057e-08
7.96379269981e-08
7.98793310158e-08
8.01454052784e-08
8.04301340963e-08
8.07248622337e-08
8.10214372934e-08
8.13135101885e-08
8.15972624029e-08
8.18708126373e-08
8.21335106647e-08
8.23855118006e-08
8.26275103452e-08
8.28604638283e-08
8.30853165944e-08
8.33028244345e-08
8.35135386303e-08
8.3717912149e-08
8.39164329033e-08
8.41096983881e-08
8.42984002411e-08
8.44832464104e-08
8.46648797377e-08
8.48438420276e-08
8.50205943647e-08
8.51955665588e-08
8.53691962245e-08
8.55419347626e-08
8.57142259565e-08
7.89940623821e-08
7.92001524478e-08
7.94324388965e-08
7.97121869766e-08
8.0018837346e-08
8.03424491994e-08
8.06711187824e-08
8.09953603268e-08
8.13090499184e-08
8.160926535e-08
8.18951892008e-08
8.21671875454e-08
8.2426206628e-08
8.26733921223e-08
8.2909858453e-08
8.31365784577e-08
8.33543665653e-08
8.35639257537e-08
8.37659265153e-08
8.39610830358e-08
8.41501932382e-08
8.43341237723e-08
8.45137484688e-08
8.46898753496e-08
8.48632037596e-08
8.50343327651e-08
8.52038088068e-08
8.53721787418e-08
8.55400175593e-08
8.5707921741e-08
7.87095744363e-08
7.89465726046e-08
7.92226540122e-08
7.95521750169e-08
7.9908776545e-08
8.02772812677e-08
8.06428477298e-08
8.09957444291e-08
8.13310830364e-08
8.16475039822e-08
8.19455668813e-08
8.22266515318e-08
8.24923055538e-08
8.27439436819e-08
8.2982797303e-08
8.32099757185e-08
8.34265236994e-08
8.36334418443e-08
8.38316955751e-08
8.40222390043e-08
8.42060474227e-08
8.43841294338e-08
8.45574983279e-08
8.47271129703e-08
8.48938240186e-08
8.5058360092e-08
8.52213619819e-08
8.53834424954e-08
8.55452370461e-08
8.57074211281e-08
7.84096774784e-08
7.8686797165e-08
7.9020955136e-08
7.94138575013e-08
7.98297865728e-08
8.02474802266e-08
8.0650525848e-08
8.10307039726e-08
8.13855622738e-08
8.17158690048e-08
8.20236868871e-08
8.23113332351e-08
8.25809027098e-08
8.28341687786e-08
8.30726913044e-08
8.32979450129e-08
8.35113616443e-08
8.37142975855e-08
8.39079974475e-08
8.40936025421e-08
8.42721986502e-08
8.44448608941e-08
8.46126566205e-08
8.47766010292e-08
8.49375971498e-08
8.50964044496e-08
8.5253660969e-08
8.54099485102e-08
8.55658649277e-08
8.57220673619e-08
7.81031372177e-08
7.84352044787e-08
7.88483229841e-08
7.93216783271e-08
7.98059702336e-08
8.02747172117e-08
8.07128455042e-08
8.11159804835e-08
8.14852922128e-08
8.18241062121e-08
8.21361146483e-08
8.24246909906e-08
8.26927061524e-08
8.29425945893e-08
8.31765114121e-08
8.33964478016e-08
8.36042489306e-08
8.38015709131e-08
8.39898483003e-08
8.41703149388e-08
8.43440700721e-08
8.45121476168e-08
8.46755460436e-08
8.4835204984e-08
8.4991952567e-08
8.51464686313e-08
8.52992985632e-08
8.54509185826e-08
8.56018203325e-08
8.57525723417e-08
7.7795333413e-08
7.82103897236e-08
7.87343524598e-08
7.93081182625e-08
7.9866819349e-08
8.03835318419e-08
8.08495114732e-08
8.12670312119e-08
8.16420178367e-08
8.19807782172e-08
8.22888886906e-08
8.25710354603e-08
8.2831101577e-08
8.30723200205e-08
8.3297439894e-08
8.35088516772e-08
8.37086398055e-08
8.38985844018e-08
8.40801631491e-08
8.42545897203e-08
8.44228889483e-08
8.45859790654e-08
8.47447235889e-08
8.48999328063e-08
8.50523271507e-08
8.52025006799e-08
8.53509231017e-08
8.54979921609e-08
8.56441136427e-08
8.57897677365e-08
7.75048225041e-08
7.80530691454e-08
7.87303072411e-08
7.9419282756e-08
8.00468544909e-08
8.05972035453e-08
8.10750237687e-08
8.14920353669e-08
8.18596995923e-08
8.21874523147e-08
8.24827381148e-08
8.27514448519e-08
8.29982449673e-08
8.32268488599e-08
8.34402342503e-08
8.36408447043e-08
8.38307203282e-08
8.40115597727e-08
8.41847520363e-08
8.43514189947e-08
8.45124838656e-08
8.46687518197e-08
8.48209734437e-08
8.49698669418e-08
8.51160984152e-08
8.52602465146e-08
8.54027881729e-08
8.55441266519e-08
8.5684652287e-08
8.58248022694e-08
7.7301270394e-08
7.8059127874e-08
7.89240527699e-08
7.97153813542e-08
8.03799146699e-08
8.09312757021e-08
8.13938844775e-08
8.17895049165e-08
8.21342022402e-08
8.24394782492e-08
8.27137010085e-08
8.29631301097e-08
8.31925092022e-08
8.34054380121e-08
8.36046787754e-08
8.37924220209e-08
8.39704720777e-08
8.41403398486e-08
8.43032782382e-08
8.44603087911e-08
8.46122679456e-08
8.47598728255e-08
8.49037862105e-08
8.50446552244e-08
8.51831108251e-08
8.53197390292e-08
8.54550533249e-08
8.55894956644e-08
8.57234710191e-08
8.5857394312e-08
7.73668285464e-08
7.84014142599e-08
7.94226923066e-08
8.02430354276e-08
8.08779088318e-08
8.13824392836e-08
8.17978752101e-08
8.21509595815e-08
8.24585467832e-08
8.27316937511e-08
8.29780479208e-08
8.32031620868e-08
8.3411162752e-08
8.36051223215e-08
8.3787352464e-08
8.39596693437e-08
8.41235854249e-08
8.428039999e-08
8.44312178906e-08
8.45769500218e-08
8.47183329506e-08
8.4855977277e-08
8.49904321399e-08
8.51222406069e-08
8.52519619843e-08
8.53801551566e-08
8.55073419431e-08
8.56339818318e-08
8.57604782556e-08
8.58872103558e-08
7.78565527684e-08
7.90582899368e-08
8.00633070152e-08
8.07930003734e-08
8.13369282574e-08
8.17680938016e-08
8.21268134969e-08
8.24356339055e-08
8.27079118707e-08
8.29522476431e-08
8.3174604572e-08
8.33793862061e-08
8.35699301279e-08
8.37487410293e-08
8.39176912658e-08
8.40782459839e-08
8.42316453496e-08
8.43789875377e-08
8.45212305997e-08
8.46591701297e-08
8.47934364463e-08
8.4924526958e-08
8.50528685336e-08
8.51788885071e-08
8.53030629001e-08
8.54259183123e-08
8.55479910088e-08
8.56697738003e-08
8.57916857982e-08
8.59140788653e-08
8.57853510175e-08
8.59239936561e-08
8.60616212664e-08
8.61984337346e-08
8.63347908446e-08
8.64711763103e-08
8.6608028954e-08
8.67454078896e-08
8.68826529932e-08
8.70183580792e-08
8.71509037394e-08
8.72794316152e-08
8.74046691027e-08
8.75288394115e-08
8.76543535409e-08
8.77819429771e-08
8.79096210036e-08
8.80335193646e-08
8.81501923864e-08
8.82585623264e-08
8.83597875203e-08
8.84552148012e-08
8.8544570444e-08
8.86264478175e-08
8.87004740007e-08
8.87682868966e-08
8.88305553351e-08
8.88877339944e-08
8.89310261328e-08
8.9011527961e-08
8.57870426069e-08
8.59297725716e-08
8.60718212738e-08
8.62131055576e-08
8.63535862002e-08
8.6493414974e-08
8.66329978355e-08
8.67727982393e-08
8.69128997137e-08
8.70526155495e-08
8.71905545228e-08
8.73253357827e-08
8.7456629611e-08
8.75857343985e-08
8.77149722313e-08
8.78459870373e-08
8.79780800772e-08
8.81080409976e-08
8.82319147248e-08
8.83474049843e-08
8.84547994801e-08
8.8555548226e-08
8.86500472169e-08
8.87372366879e-08
8.88165015662e-08
8.88892396839e-08
8.89562866652e-08
8.90182283773e-08
8.90656385746e-08
8.9149419077e-08
8.57874466683e-08
8.59343350788e-08
8.6080955129e-08
8.62268801614e-08
8.63717373643e-08
8.65154274354e-08
8.66582910316e-08
8.68010221558e-08
8.69442504001e-08
8.70879697464e-08
8.72312236897e-08
8.73724376906e-08
8.75103985516e-08
8.76452881904e-08
8.77788615925e-08
8.79132772994e-08
8.80491751961e-08
8.81845188075e-08
8.83154261289e-08
8.84385627011e-08
8.8553030682e-08
8.86599294532e-08
8.87601434191e-08
8.885309331e-08
8.8938078336e-08
8.90162306825e-08
8.90884600453e-08
8.91554928313e-08
8.92072743177e-08
8.92945123435e-08
8.57873115292e-08
8.59378213861e-08
8.60886389116e-08
8.62390553793e-08
8.63884688658e-08
8.65365925668e-08
8.66836185245e-08
8.68302065738e-08
8.69771886316e-08
8.71250251698e-08
8.72732869252e-08
8.74205891434e-08
8.75652553585e-08
8.77064720868e-08
8.78451119561e-08
8.79833278582e-08
8.81228272524e-08
8.82630036645e-08
8.8400638494e-08
8.85317674715e-08
8.86541950496e-08
8.8768215156e-08
8.88748784831e-08
8.89741302556e-08
8.90653763005e-08
8.91495251932e-08
8.92274834906e-08
8.93001234893e-08
8.93567833736e-08
8.94479299104e-08
8.57877674254e-08
8.59408503924e-08
8.60950014753e-08
8.62494438747e-08
8.64034686985e-08
8.65566029128e-08
8.67087459348e-08
8.68602341153e-08
8.70117349957e-08
8.7163888058e-08
8.73167697641e-08
8.74695088169e-08
8.76204846423e-08
8.77682581985e-08
8.79127366776e-08
8.80555556387e-08
8.81989583149e-08
8.83436933101e-08
8.84876756904e-08
8.86268974581e-08
8.87580297367e-08
8.8880215577e-08
8.89942447036e-08
8.91004931226e-08
8.91986488406e-08
8.92895006933e-08
8.9373908114e-08
8.94528991169e-08
8.9515266849e-08
8.96110944372e-08
8.57899404024e-08
8.59445523734e-08
8.61009914248e-08
8.62587281062e-08
8.64171110388e-08
8.65754925166e-08
8.6733369991e-08
8.68905503934e-08
8.7047257169e-08
8.72040256989e-08
8.73612951219e-08
8.75188524073e-08
8.76755689211e-08
8.78298692444e-08
8.79808659938e-08
8.81293314843e-08
8.82774085188e-08
8.84268120267e-08
8.85768174105e-08
8.87240112933e-08
8.88643719524e-08
8.89957569002e-08
8.9118236058e-08
8.92323603365e-08
8.9338193553e-08
8.94365451351e-08
8.95282289265e-08
8.96144495528e-08
8.96835639576e-08
8.97850249816e-08
8.57943474685e-08
8.59501472068e-08
8.61081638876e-08
8.62683889866e-08
8.6430443227e-08
8.65936403812e-08
8.6757144848e-08
8.69202299679e-08
8.70825639686e-08
8.72443497966e-08
8.74061298966e-08
8.75682432782e-08
8.77302549553e-08
8.7890903891e-08
8.80488852643e-08
8.82040465847e-08
8.83578895779e-08
8.85125018461e-08
8.8668425941e-08
8.88233616835e-08
8.89732221583e-08
8.91147172283e-08
8.92468123615e-08
8.93698366615e-08
8.94841843572e-08
8.95908198193e-08
8.96905602755e-08
8.978482179e-08
8.98616611456e-08
8.99696055259e-08
8.5800377399e-08
8.59581542319e-08
8.61178549693e-08
8.62800508467e-08
8.64448246687e-08
8.66117308167e-08
8.67799111325e-08
8.69483658513e-08
8.71163178376e-08
8.72835213989e-08
8.74503082362e-08
8.76172354581e-08
8.77844617312e-08
8.79513042775e-08
8.8116497051e-08
8.8279201194e-08
8.84400009984e-08
8.86007353743e-08
8.87628159242e-08
8.89252969149e-08
8.90846820416e-08
8.92369403497e-08
8.9379738515e-08
8.9512724423e-08
8.96364121932e-08
8.97519961568e-08
8.98603785077e-08
8.99632325194e-08
9.00484360654e-08
9.01633491257e-08
8.58062665334e-08
8.59677094759e-08
8.61301354806e-08
8.62944540916e-08
8.64612343717e-08
8.66305447355e-08
8.68019378107e-08
8.69745986419e-08
8.71476343087e-08
8.73204210516e-08
8.74928482234e-08
8.76652689711e-08
8.78380838635e-08
8.80111714382e-08
8.81836590613e-08
8.83544450701e-08
8.85232506372e-08
8.8691209468e-08
8.88600239059e-08
8.90299944117e-08
8.91987203138e-08
8.936202538e-08
8.95163617424e-08
8.96602963775e-08
8.97941071981e-08
8.99191782379e-08
9.00365738075e-08
9.01482720591e-08
9.02420377488e-08
9.03639709379e-08
8.58098065061e-08
8.5976604255e-08
8.6143282941e-08
8.63106430191e-08
8.64795053297e-08
8.6650491726e-08
8.68238528691e-08
8.69993965628e-08
8.71765588896e-08
8.73546284662e-08
8.75330602152e-08
8.77117120417e-08
8.78907942452e-08
8.80704645745e-08
8.82503394211e-08
8.84294555248e-08
8.86069833765e-08
8.8783193001e-08
8.89595203298e-08
8.91371103778e-08
8.93148783183e-08
8.94891418856e-08
8.96555184358e-08
8.98112826529e-08
8.99560403179e-08
9.00911644788e-08
9.02178970249e-08
9.03385582577e-08
9.04408031984e-08
9.05695571387e-08
8.5809593434e-08
8.59823265164e-08
8.61543784249e-08
8.63260401358e-08
8.64979696308e-08
8.66710395799e-08
8.68461024598e-08
8.70237327698e-08
8.72040356633e-08
8.73866232274e-08
8.75708169176e-08
8.77560081308e-08
8.79419458877e-08
8.81286790091e-08
8.83161188031e-08
8.85036237109e-08
8.86901981585e-08
8.887539306e-08
8.90600316423e-08
8.92455736813e-08
8.9432147457e-08
8.96170771554e-08
8.97957414597e-08
8.99641859148e-08
9.01209288011e-08
9.02669579703e-08
9.04035832773e-08
9.05334798588e-08
9.0644174069e-08
9.07796222063e-08
8.58061860388e-08
8.59837004038e-08
8.61609669767e-08
8.63376731136e-08
8.6513968587e-08
8.66904853611e-08
8.68682027586e-08
8.704816957e-08
8.72311588871e-08
8.74173953947e-08
8.76065113427e-08
8.77977979872e-08
8.79906203935e-08
8.81846789647e-08
8.83798499289e-08
8.85757208079e-08
8.87713832079e-08
8.89659787802e-08
8.91596572236e-08
8.93537259674e-08
8.95491687068e-08
8.97445652719e-08
8.99357104763e-08
9.01177684724e-08
9.02878911166e-08
9.04461757157e-08
9.05937190832e-08
9.07335175784e-08
9.08529878758e-08
9.09953363848e-08
8.58024088807e-08
8.59821314491e-08
8.61628873942e-08
8.63440498307e-08
8.65252397864e-08
8.67065110688e-08
8.68884165925e-08
8.7071894623e-08
8.72579795325e-08
8.74474354897e-08
8.76404863601e-08
8.78368037056e-08
8.80357745422e-08
8.82368532429e-08
8.84396835874e-08
8.86438519454e-08
8.88485674496e-08
8.90528355433e-08
8.92562742123e-08
8.9459748918e-08
8.96646205644e-08
8.98706612258e-08
9.00746191221e-08
9.02713411277e-08
9.0456576315e-08
9.06290026297e-08
9.07890450429e-08
9.09399023962e-08
9.10689637505e-08
9.12188312464e-08
8.580239134e-08
8.59814673958e-08
8.61629940347e-08
8.63465237465e-08
8.65315026372e-08
8.67174954011e-08
8.69044007855e-08
8.70925594139e-08
8.7282686898e-08
8.74756392087e-08
8.76721054185e-08
8.78723778317e-08
8.80763217522e-08
8.8283539751e-08
8.84935624062e-08
8.87058556377e-08
8.89196477896e-08
8.91339236842e-08
8.93479479764e-08
8.95620260837e-08
8.9777430011e-08
8.99947984193e-08
9.02121252006e-08
9.04245985109e-08
9.06268355764e-08
9.08156970151e-08
9.0990346254e-08
9.11539245065e-08
9.1293888584e-08
9.1452294354e-08
8.58096388642e-08
8.59862244593e-08
8.61659844375e-08
8.63490292645e-08
8.65351323684e-08
8.67238472052e-08
8.69147048622e-08
8.7107427005e-08
8.7302077049e-08
8.74990874965e-08
8.76991408273e-08
8.79029400984e-08
8.81109660603e-08
8.8323336774e-08
8.85398166463e-08
8.87598920921e-08
8.89827896264e-08
8.92074904032e-08
8.94330216592e-08
8.96591110575e-08
8.98865695805e-08
9.0116425131e-08
9.03479157925e-08
9.05771778755e-08
9.0798265135e-08
9.10061081848e-08
9.11979891816e-08
9.13765362763e-08
9.15292693312e-08
9.1697713104e-08
8.58250874434e-08
8.59990138328e-08
8.61757444873e-08
8.63559820771e-08
8.65401341487e-08
8.67282657072e-08
8.6920135799e-08
8.71153265549e-08
8.73134460553e-08
8.75143486509e-08
8.77182806459e-08
8.79258592489e-08
8.81378609238e-08
8.83549130515e-08
8.85772566941e-08
8.88046827635e-08
8.90365842413e-08
8.92720228572e-08
8.95098943197e-08
8.97494016721e-08
8.99906571522e-08
9.0234565794e-08
9.0481329001e-08
9.07284359861e-08
9.09701363443e-08
9.1199701535e-08
9.1412027072e-08
9.1608560782e-08
9.17766543104e-08
9.19572982075e-08
8.58462395274e-08
8.6018681804e-08
8.61927413052e-08
8.63694248267e-08
8.65496898038e-08
8.67342989657e-08
8.6923689206e-08
8.71179168418e-08
8.73167327341e-08
8.75197928105e-08
8.77269310232e-08
8.79383572253e-08
8.81546540077e-08
8.83765578633e-08
8.86046540181e-08
8.88391600706e-08
8.90798599908e-08
8.93261077361e-08
8.95768708289e-08
8.98309990771e-08
9.008784676e-08
9.03477573381e-08
9.06113948541e-08
9.08776730145e-08
9.11417904642e-08
9.1396010893e-08
9.16326173568e-08
9.18510535945e-08
9.20379484083e-08
9.22336586937e-08
8.58679117813e-08
8.60403518366e-08
8.62131360746e-08
8.63872011714e-08
8.65636790007e-08
8.67437701472e-08
8.69285610664e-08
8.71188481248e-08
8.73150468881e-08
8.7517241244e-08
8.77253630068e-08
8.79394175811e-08
8.81596355583e-08
8.83864702681e-08
8.86204589743e-08
8.88620425067e-08
8.91114181043e-08
8.93684089162e-08
8.96323255852e-08
8.99019764637e-08
9.01761235002e-08
9.04542993836e-08
9.07370325816e-08
9.10243410648e-08
9.13128800284e-08
9.15948102638e-08
9.18599988133e-08
9.21050506337e-08
9.2314942453e-08
9.25290130837e-08
8.58841789499e-08
8.60573771929e-08
8.62302448514e-08
8.64034395505e-08
8.65778948409e-08
8.67547791496e-08
8.69353851156e-08
8.71209807057e-08
8.73126693597e-08
8.75113028151e-08
8.77174682388e-08
8.79315425986e-08
8.81537862245e-08
8.83844407398e-08
8.86238006685e-08
8.8872234767e-08
8.91301315748e-08
8.93977324284e-08
8.96748417227e-08
8.99605593668e-08
9.02534119693e-08
9.05521576194e-08
9.08566886547e-08
9.1167495323e-08
9.14827564248e-08
9.17954432429e-08
9.20936756689e-08
9.23705982719e-08
9.26082478437e-08
9.28440564177e-08
8.58906251915e-08
8.60641897129e-08
8.62376024392e-08
8.64112783452e-08
8.65858169848e-08
8.67620282435e-08
8.69409283001e-08
8.71237128506e-08
8.73117092232e-08
8.75062990552e-08
8.77088049121e-08
8.79203583411e-08
8.81418010814e-08
8.83736806306e-08
8.86163597097e-08
8.88701840035e-08
8.91355963016e-08
8.94130821941e-08
8.9702886484e-08
9.00045854236e-08
9.0316868457e-08
9.06380310187e-08
9.09671205734e-08
9.13043802024e-08
9.16490809931e-08
9.19956118168e-08
9.23313643999e-08
9.264585153e-08
9.29166522403e-08
9.31777387585e-08
8.58864807671e-08
8.60590692798e-08
8.62323346805e-08
8.64066202129e-08
8.65822994658e-08
8.67598115985e-08
8.69397133535e-08
8.71227540962e-08
8.7309955005e-08
8.75026447241e-08
8.77024003327e-08
8.791088346e-08
8.81296304126e-08
8.83599008025e-08
8.86026646421e-08
8.88587202759e-08
8.91288458754e-08
8.94138495945e-08
8.97144044357e-08
9.00306489394e-08
9.03617704569e-08
9.0706084478e-08
9.10619685322e-08
9.14288946451e-08
9.18064237051e-08
9.21903774629e-08
9.25684489786e-08
9.29269087438e-08
9.32373736317e-08
9.35280523563e-08
8.5876480747e-08
8.60462459254e-08
8.62177081893e-08
8.63912849281e-08
8.65673151699e-08
8.67460718603e-08
8.69278100579e-08
8.71128640336e-08
8.73017790548e-08
8.74954296739e-08
8.76950642318e-08
8.7902244389e-08
8.8118706169e-08
8.83462137199e-08
8.85864727011e-08
8.88411212934e-08
8.91117619086e-08
8.93999635227e-08
8.97071484781e-08
9.00342916029e-08
9.03814857553e-08
9.07477079887e-08
9.11312669567e-08
9.15308257983e-08
9.19454026509e-08
9.23715839734e-08
9.27979066474e-08
9.32081508823e-08
9.3566702289e-08
9.38928783537e-08
8.58706930834e-08
8.60357369363e-08
8.62031823379e-08
8.63735717346e-08
8.65473396977e-08
8.67248116409e-08
8.69062337061e-08
8.70918414433e-08
8.72819578971e-08
8.74770925786e-08
8.76780101213e-08
8.7885758235e-08
8.81016721678e-08
8.83273799614e-08
8.85648117379e-08
8.88161911886e-08
8.90839857228e-08
8.93708059524e-08
8.96792415001e-08
9.00115952779e-08
9.03694944959e-08
9.0753492022e-08
9.11629710454e-08
9.15965976231e-08
9.20526321142e-08
9.25274661991e-08
9.30101834218e-08
9.34826224593e-08
9.39008436635e-08
9.42711254483e-08
8.58792709719e-08
8.60382123318e-08
8.61996001766e-08
8.63640752826e-08
8.65321926331e-08
8.67044303453e-08
8.68812227647e-08
8.70630071156e-08
8.72502654835e-08
8.74435457171e-08
8.76434637737e-08
8.78507176e-08
8.80661528953e-08
8.82908939667e-08
8.8526502429e-08
8.8775096126e-08
8.90393783978e-08
8.93225715911e-08
8.96282729503e-08
8.99602417267e-08
9.0322103174e-08
9.07169422414e-08
9.11468052155e-08
9.16122804875e-08
9.21121736676e-08
9.26426374521e-08
9.3192671386e-08
9.374204523e-08
9.42370823351e-08
9.46651376789e-08
8.59038320872e-08
8.60563112976e-08
8.62107202531e-08
8.63677234676e-08
8.65279300283e-08
8.66919240413e-08
8.68603210437e-08
8.70338208246e-08
8.72132236454e-08
8.73993936488e-08
8.75931891146e-08
8.77954143759e-08
8.80068524677e-08
8.82283981455e-08
8.84612534138e-08
8.87071184895e-08
8.89683295524e-08
8.92479326087e-08
8.95497056877e-08
8.98781501027e-08
9.0238460662e-08
9.06363951133e-08
9.10778000088e-08
9.15675851211e-08
9.21082378082e-08
9.26981963858e-08
9.33275029823e-08
9.39740368586e-08
9.45723689374e-08
9.50813837377e-08
8.59355291027e-08
8.60820358945e-08
8.62299318344e-08
8.63798193875e-08
8.65322555477e-08
8.6687799123e-08
8.68470899302e-08
8.70109190615e-08
8.71802484779e-08
8.7356164015e-08
8.75397886271e-08
8.77322149074e-08
8.79345100616e-08
8.81478026597e-08
8.83734145926e-08
8.86129938654e-08
8.88686343302e-08
8.91429987207e-08
8.94394708278e-08
8.97623762087e-08
9.01173233821e-08
9.0511618849e-08
9.09544148511e-08
9.14560154394e-08
9.20259602149e-08
9.26702319731e-08
9.33855454061e-08
9.41522373121e-08
9.48929505229e-08
9.55223396524e-08
8.59650850411e-08
8.61060570281e-08
8.62482695497e-08
8.63922234012e-08
8.65383664439e-08
8.66871460576e-08
8.68390953588e-08
8.69949084292e-08
8.71554626476e-08
8.73217791251e-08
8.74949566608e-08
8.76761371215e-08
8.78665385099e-08
8.80675410071e-08
8.82807766622e-08
8.85081878368e-08
8.87520648739e-08
8.90151036367e-08
8.93005309817e-08
8.96123729405e-08
8.99559839831e-08
9.03388970371e-08
9.07717765478e-08
9.12689170068e-08
9.18476180672e-08
9.25261824669e-08
9.33178131575e-08
9.42188978169e-08
9.51508140569e-08
9.59649553521e-08
8.5991718111e-08
8.61269223663e-08
8.62634747255e-08
8.64017930467e-08
8.65422444557e-08
8.66851937704e-08
8.68310802801e-08
8.69804785975e-08
8.71341066935e-08
8.72927827857e-08
8.74573764281e-08
8.76288107904e-08
8.78081373439e-08
8.79966488032e-08
8.81959720291e-08
8.84081113302e-08
8.86354603115e-08
8.88808215086e-08
8.91474782933e-08
8.94394057039e-08
8.97617733179e-08
9.01218699994e-08
9.05304056818e-08
9.10029995228e-08
9.15617003966e-08
9.22366269129e-08
9.30647363991e-08
9.4079823881e-08
9.52371951537e-08
9.63266337011e-08
8.6014564051e-08
8.61429381174e-08
8.62727233315e-08
8.64042780477e-08
8.65379312963e-08
8.6674025928e-08
8.68129809311e-08
8.69553301645e-08
8.71017069246e-08
8.72527872098e-08
8.74092460022e-08
8.75717806642e-08
8.77412068109e-08
8.79185763921e-08
8.81052590866e-08
8.83029725851e-08
8.85137922423e-08
8.87401737451e-08
8.89850197708e-08
8.9251875644e-08
8.95454078187e-08
8.98722679656e-08
9.02422873384e-08
9.06700271629e-08
9.11773209947e-08
9.17985757728e-08
9.25888324274e-08
9.36299610266e-08
9.49654330372e-08
9.63962641832e-08
8.60372666158e-08
8.61615502987e-08
8.62872282239e-08
8.64145981619e-08
8.6543973151e-08
8.66757182399e-08
8.68102886752e-08
8.69482353422e-08
8.70901618469e-08
8.72366614596e-08
8.73882929903e-08
8.75456360125e-08
8.77094047753e-08
8.78805522594e-08
8.80603118286e-08
8.82501864694e-08
8.84519319902e-08
8.86675604338e-08
8.88993838126e-08
8.91501948783e-08
8.94237493021e-08
8.97255910781e-08
9.00640125258e-08
9.04510471273e-08
9.09042913431e-08
9.1452242689e-08
9.21465134278e-08
9.30849615102e-08
9.43929462008e-08
9.60042013059e-08
)
;

boundaryField
{
    movingWall
    {
        type            calculatedMaxwell;
        value           nonuniform List<scalar> 
60
(
8.06286097595e-08
8.11042280416e-08
8.1588403105e-08
8.20046573017e-08
8.23535765581e-08
8.2652010395e-08
8.29124025966e-08
8.31434233936e-08
8.33510524826e-08
8.35396662524e-08
8.37126699241e-08
8.38728670353e-08
8.40225324641e-08
8.41633792459e-08
8.42966487458e-08
8.4423328811e-08
8.45443314781e-08
8.46605274077e-08
8.47726861536e-08
8.48814209761e-08
8.49871845791e-08
8.50903100768e-08
8.51910806859e-08
8.52898098166e-08
8.53868999656e-08
8.54828466781e-08
8.55781829448e-08
8.56734002798e-08
8.57688970248e-08
8.58649786169e-08
8.59618932315e-08
8.6059866092e-08
8.61591116972e-08
8.62598369612e-08
8.63622653543e-08
8.64666921535e-08
8.65735381884e-08
8.66833467123e-08
8.67967004977e-08
8.6914110644e-08
8.70359785653e-08
8.71626942291e-08
8.72948218171e-08
8.74332423061e-08
8.7579163003e-08
8.77340263651e-08
8.78994085813e-08
8.80769370761e-08
8.82682260471e-08
8.84749731473e-08
8.86994859502e-08
8.89456290516e-08
8.9219590455e-08
8.95297989704e-08
8.98863850137e-08
9.03022634988e-08
9.07968485006e-08
9.1400518879e-08
9.21241398017e-08
9.2849709999e-08
)
;
    }
    fixedWalls
    {
        type            calculatedMaxwell;
        value           nonuniform List<scalar> 
180
(
8.31884172119e-08
8.30591870561e-08
8.29244780713e-08
8.27829892475e-08
8.26328862582e-08
8.24725081275e-08
8.23006709579e-08
8.21164832292e-08
8.19192946039e-08
8.17093784594e-08
8.14888678736e-08
8.12613418004e-08
8.10290450166e-08
8.07894519894e-08
8.0535290564e-08
8.02604365446e-08
7.99678030185e-08
7.96703351755e-08
7.93803101957e-08
7.90948578756e-08
7.87937666046e-08
7.84555950519e-08
7.80762271404e-08
7.76672883287e-08
7.72354361581e-08
7.67703914079e-08
7.62582451421e-08
7.56985529934e-08
7.51186154823e-08
7.46022074384e-08
8.39690884835e-08
8.40267373204e-08
8.41162731224e-08
8.419849055e-08
8.42708699995e-08
8.43301323061e-08
8.43753034351e-08
8.44062129143e-08
8.4423725039e-08
8.44298217422e-08
8.4427650107e-08
8.44211334919e-08
8.44139831825e-08
8.44084057386e-08
8.44041399989e-08
8.43983575752e-08
8.43865185795e-08
8.43638139082e-08
8.43266181124e-08
8.42734662326e-08
8.42053106688e-08
8.41250537728e-08
8.40365351699e-08
8.39432967717e-08
8.38475418628e-08
8.37496776255e-08
8.36486228249e-08
8.35427151551e-08
8.34307311088e-08
8.33124453829e-08
8.26184576109e-08
8.27127304204e-08
8.27742197651e-08
8.28437282222e-08
8.29034022582e-08
8.29567928777e-08
8.30078219165e-08
8.30599497313e-08
8.3115249352e-08
8.31754261312e-08
8.32421029926e-08
8.33166275228e-08
8.33997656729e-08
8.34916117281e-08
8.35917566567e-08
8.36994420294e-08
8.38134409731e-08
8.39318717992e-08
8.40524884826e-08
8.41736287389e-08
8.42952182794e-08
8.44189068071e-08
8.45469834941e-08
8.46807023812e-08
8.48191770207e-08
8.49596587389e-08
8.50990961634e-08
8.52360519922e-08
8.53718297177e-08
8.55101034897e-08
8.56551443607e-08
8.58094696734e-08
8.59720794698e-08
8.61382417823e-08
8.63010999553e-08
8.64544556933e-08
8.6595376602e-08
8.67252552887e-08
8.68487593502e-08
8.69713314921e-08
8.70967065471e-08
8.72257216873e-08
8.73566958816e-08
8.74866719161e-08
8.76125694218e-08
8.77317850173e-08
8.7842390864e-08
8.79432940256e-08
8.8034524503e-08
8.81175398222e-08
8.81952220712e-08
8.82711032088e-08
8.83476284771e-08
8.84243744385e-08
8.84979996967e-08
8.85650644962e-08
8.8625115899e-08
8.86884175255e-08
8.87584627624e-08
8.89039883793e-08
8.76511313154e-08
8.75881103164e-08
8.74933100821e-08
8.74108743289e-08
8.73406467645e-08
8.72847147028e-08
8.72431611605e-08
8.72157010327e-08
8.7201394858e-08
8.71987858971e-08
8.72060699079e-08
8.722123722e-08
8.72423264863e-08
8.72679481231e-08
8.72978407745e-08
8.73330134858e-08
8.73752920767e-08
8.74265283658e-08
8.74879166728e-08
8.75597075076e-08
8.76413341795e-08
8.77317924041e-08
8.78300820902e-08
8.793556705e-08
8.80481658765e-08
8.81683323448e-08
8.82968243056e-08
8.84343178991e-08
8.85810112855e-08
8.87364449363e-08
8.88997535991e-08
8.90703761257e-08
8.92489192873e-08
8.94376006682e-08
8.96397450964e-08
8.98582912122e-08
9.00939809782e-08
9.03443812693e-08
9.06046465807e-08
9.0869899754e-08
9.11378791332e-08
9.14101124872e-08
9.16909378018e-08
9.19854686945e-08
9.22983128844e-08
9.2633548736e-08
9.29946723658e-08
9.33835342656e-08
9.37995264128e-08
9.42407772054e-08
9.47061851822e-08
9.5195659107e-08
9.57104069199e-08
9.62582961352e-08
9.68607110974e-08
9.754845088e-08
9.83466420061e-08
9.92686769513e-08
1.00286994496e-07
1.01248316755e-07
)
;
    }
    frontAndBackPlanes
    {
        type            empty;
    }
}


// ************************************************************************* //
