/*--------------------------------*- C++ -*----------------------------------*\
  =========                 |
  \\      /  F ield         | OpenFOAM: The Open Source CFD Toolbox
   \\    /   O peration     | Website:  https://openfoam.org
    \\  /    A nd           | Version:  6
     \\/     M anipulation  |
\*---------------------------------------------------------------------------*/
FoamFile
{
    version     2.0;
    format      ascii;
    class       volScalarField;
    location    "0.0339621151";
    object      T;
}
// * * * * * * * * * * * * * * * * * * * * * * * * * * * * * * * * * * * * * //

dimensions      [0 0 0 1 0 0 0];

internalField   nonuniform List<scalar> 
3600
(
272.379397707
272.407897416
272.424733379
272.440172496
272.4530475
272.465122243
272.477748473
272.491976194
272.508397768
272.527049633
272.547480172
272.569100821
272.591496542
272.614484741
272.638010276
272.661973121
272.686035538
272.709584646
272.732063522
272.753582341
272.775344508
272.799419769
272.827830968
272.861426099
272.899191958
272.93843525
272.975793704
273.008610674
273.036017721
273.059205823
272.347719685
272.375117994
272.391177263
272.407229463
272.422099058
272.436861486
272.452168392
272.468513044
272.486094048
272.5047666
272.524217378
272.544339926
272.565433245
272.58806321
272.612718966
272.639413748
272.66739502
272.695238172
272.721483857
272.745553638
272.768343285
272.792028205
272.819120219
272.851269971
272.888419974
272.928696455
272.969072398
273.006512482
273.039122986
273.066828304
272.327348105
272.353603253
272.368137141
272.383070352
272.398018446
272.414079839
272.431442647
272.449978809
272.469291997
272.488798986
272.508040091
272.52711393
272.546819909
272.568369799
272.592831967
272.620525079
272.650633536
272.681368825
272.710763117
272.737711814
272.762631843
272.787338221
272.814237421
272.845282393
272.881154857
272.920952301
272.962445209
273.002809366
273.039607699
273.07168592
272.304921632
272.330124071
272.34354058
272.357280023
272.371592503
272.388121409
272.407062242
272.427811715
272.449291577
272.470304641
272.490053796
272.508668462
272.527318
272.547794184
272.57175185
272.599899367
272.631518496
272.66466763
272.697066212
272.727179405
272.754884573
272.78142784
272.808829647
272.83910217
272.873559005
272.912345146
272.954266271
272.997021291
273.03789346
273.074753877
272.282992403
272.307131089
272.31955031
272.332309768
272.34574394
272.362052251
272.381836509
272.404379289
272.428069744
272.451075732
272.472133566
272.491204016
272.509595729
272.529468605
272.552928022
272.581069025
272.613430026
272.648201567
272.683094455
272.716338332
272.747276147
272.776404307
272.805063702
272.835022881
272.868014275
272.905181388
272.946512324
272.990542321
273.034650445
273.07601583
272.262380006
272.285672484
272.296983567
272.308865029
272.321449756
272.337199858
272.357175695
272.380825803
272.406273079
272.431203939
272.453918985
272.474124583
272.493080559
272.513064647
272.536396969
272.564434822
272.597026902
272.632713307
272.669482007
272.70556157
272.739863701
272.77208962
272.802732477
272.833070526
272.864989102
272.900428142
272.940515621
272.984800042
273.03111625
273.076342715
272.243161685
272.266066017
272.276191106
272.287126023
272.298881408
272.313948457
272.333674986
272.357767854
272.384321139
272.410761753
272.43508443
272.456757802
272.47688982
272.497667462
272.521373498
272.549435562
272.581969875
272.61798769
272.655977856
272.694403796
272.731925587
272.767534111
272.80083838
272.8324506
272.864112521
272.898231263
272.936859983
272.980595197
273.028037013
273.076214567
272.224413307
272.247571612
272.256698513
272.266694018
272.277663767
272.292058865
272.311296657
272.335292479
272.362281967
272.389678142
272.415357893
272.438628148
272.460396484
272.482595432
272.507240269
272.535620214
272.568013486
272.603929352
272.642492894
272.6826038
272.722897767
272.761857951
272.798311325
272.832126005
272.864617336
272.898253026
272.93565723
272.978358994
273.025928286
273.075979779
272.2051299
272.229212896
272.237807538
272.247118089
272.257501463
272.271393643
272.290099499
272.313607691
272.34038444
272.36807741
272.394695588
272.419526194
272.443273124
272.467480327
272.493686367
272.522834907
272.555222223
272.590799351
272.629363735
272.670387465
272.712717144
272.754615316
272.79435665
272.831108567
272.865549448
272.899798473
272.9366138
272.978196681
273.025132031
273.075951006
272.184690892
272.210192027
272.218834672
272.227933137
272.238126557
272.251864282
272.270210381
272.293047983
272.31905707
272.346312999
272.37324228
272.399340771
272.425190135
272.451873301
272.480281739
272.510816605
272.543613002
272.578920864
272.617132433
272.658334085
272.701784947
272.745854903
272.788597076
272.828652317
272.865974357
272.901997697
272.939161272
272.979957887
273.025843456
273.076427251
272.162921668
272.189987003
272.199150129
272.208561789
272.219079309
272.233148709
272.251512486
272.273770228
272.298696739
272.324865048
272.351354769
272.378143478
272.405876015
272.435220362
272.466349773
272.498978181
272.532884355
272.568389607
272.606277927
272.64716962
272.690857541
272.736129623
272.781200132
272.824471884
272.865237554
272.904047765
272.942626053
272.983308853
273.028104305
273.077665917
272.139970972
272.168356186
272.178235895
272.188348301
272.19967785
272.2146052
272.233503151
272.255548913
272.279438182
272.304172511
272.329584582
272.356351031
272.385413135
272.417197724
272.451243939
272.486556265
272.522407592
272.558921857
272.596966341
272.637482083
272.680791044
272.726321525
272.772810779
272.818780586
272.863076306
272.905345911
272.946330947
272.987774222
273.031799472
273.07988655
272.116161299
272.14534734
272.15581602
272.166752459
272.179213164
272.195441392
272.21541464
272.237806657
272.261066971
272.28446288
272.308519732
272.334684647
272.364371598
272.398000223
272.434706929
272.472931862
272.511415886
272.549863468
272.588884144
272.629426827
272.672191911
272.717315015
272.764309342
272.812164377
272.859602353
272.905540393
272.949660142
272.992776168
273.03666447
273.083273916
272.091819045
272.121238505
272.131933301
272.143538999
272.157196051
272.174971743
272.196449526
272.219781317
272.243058502
272.265630066
272.288534991
272.313891042
272.343618978
272.378319819
272.417024627
272.457895521
272.499277497
272.540370894
272.58126326
272.622585259
272.665150957
272.709684099
272.756539101
272.805415487
272.855262976
272.904591594
272.952160919
272.997714238
273.04230334
273.08792629
272.067088998
272.096359438
272.106867642
272.118815037
272.13349415
272.152811372
272.175995059
272.200722465
272.224699007
272.247215087
272.269599801
272.294411695
272.323949415
272.359056737
272.398911879
272.441734043
272.485737709
272.529712573
272.57313316
272.616084938
272.659203295
272.703526227
272.750093178
272.799361043
272.85077195
272.902815332
272.95365937
273.002082895
273.04823418
273.093777979
272.041820195
272.070869299
272.080925436
272.092892285
272.108297376
272.128935022
272.153752459
272.180063368
272.205256812
272.228511734
272.251251557
272.276192349
272.305761304
272.340957489
272.381229039
272.425123409
272.471027806
272.517559692
272.563697253
272.608939628
272.653531099
272.698485403
272.745186155
272.794664422
272.846937798
272.900810591
272.954306445
273.005592372
273.053995132
273.100593796
272.015626383
272.044634485
272.054226848
272.066057026
272.081938842
272.103586737
272.129747211
272.157526486
272.184158066
272.208761958
272.232739112
272.258705366
272.288924859
272.32435323
272.36467477
272.408890018
272.455795206
272.504129635
272.552655624
272.600448799
272.647308171
272.693932812
272.741626833
272.791627465
272.844397675
272.899248171
272.954509296
273.008251838
273.059303013
273.108081634
271.988129957
272.01730312
272.026623445
272.038378479
272.054663577
272.077079061
272.104212099
272.133121054
272.161102639
272.187363315
272.21326427
272.241147104
272.272860996
272.309081685
272.349571721
272.393739749
272.440886717
272.490120072
272.540329721
272.590475667
272.640029607
272.689222613
272.738903791
272.790082078
272.843377085
272.898618576
272.954785443
273.010383914
273.064191022
273.116052171
271.959275569
271.988562005
271.99781452
272.009677295
272.026477291
272.049584229
272.07739352
272.107028857
272.136070394
272.164004632
272.192219163
272.222713631
272.256769707
272.294588643
272.335801521
272.380047629
272.427070234
272.47646695
272.527546277
272.579495531
272.631695423
272.683925987
272.736367087
272.789446926
272.843613359
272.899079034
272.955620076
273.012559469
273.069035976
273.124504831
271.929541332
271.958455539
271.967626739
271.979702884
271.9971854
272.021048093
272.04939097
272.079439559
272.109220902
272.138678592
272.169326664
272.202841651
272.239903303
272.280143581
272.322884032
272.367764731
272.414791305
272.464024473
272.515341583
272.568417023
272.622798656
272.677973911
272.733457885
272.788950831
272.844493857
272.900471027
272.957378807
273.015460025
273.07443881
273.133582678
271.899909641
271.927588682
271.936314099
271.948444079
271.966630115
271.991304165
272.020142297
272.05044274
272.080755449
272.111583869
272.144638322
272.181323743
272.221774051
272.265072583
272.310149125
272.356454798
272.404040687
272.453285149
272.504609722
272.558267343
272.61415195
272.671683614
272.729920808
272.787946197
272.845346109
272.902473742
272.960272515
273.01969137
273.0809999
273.143441883
271.871563839
271.897061328
271.90468492
271.916389739
271.935000188
271.960345515
271.989592632
272.020067763
272.050846141
272.082997199
272.11841975
272.158269587
272.202221619
272.24891605
272.296925856
272.345433654
272.394370351
272.444237193
272.495825988
272.549866628
272.606631153
272.665674725
272.725931055
272.786194167
272.845752308
272.904801274
272.964349576
273.025596213
273.089083618
273.154130819
271.845408102
271.868099789
271.873923514
271.884546966
271.903013175
271.928597111
271.957966511
271.988476467
272.019704878
272.053220309
272.091019802
272.133968287
272.181340161
272.231464081
272.282681442
272.33395711
272.385045636
272.436402095
272.488934884
272.5435978
272.600917932
272.660696303
272.722082206
272.784009799
272.845764652
272.907363451
272.969515114
273.033140551
273.098675029
273.165547379
271.821609239
271.841516253
271.845133172
271.854139453
271.871812087
271.896995852
271.925969222
271.956197938
271.987766843
272.022656279
272.06282889
272.108765889
272.159347872
272.212697587
272.267083514
272.321397829
272.375273813
272.42902294
272.483419186
272.53932719
272.59730691
272.657403022
272.71922045
272.782204969
272.84594713
272.910351448
272.975602086
273.04194773
273.109399415
273.177485165
271.799373344
271.817243603
271.818794498
271.826086247
271.842562107
271.866762714
271.894741508
271.924224774
271.955855865
271.991964922
272.034364087
272.083060074
272.136520811
272.192728159
272.250016618
272.307374504
272.36442726
272.421315768
272.478494992
272.53647417
272.595622374
272.656143273
272.718171686
272.781841655
272.847231667
272.914236736
272.982501931
273.051501659
273.120713404
273.189738969
271.77707693
271.794180165
271.794402771
271.8004969
271.815901996
271.838911178
271.865503279
271.893829086
271.925163077
271.962155963
272.00640848
272.057422592
272.113266159
272.171832358
272.231618906
272.291836599
272.352200237
272.412687293
272.473344172
272.534187969
272.595266622
272.65683477
272.71945978
272.783880568
272.850633888
272.919679672
272.990309535
273.061451607
273.132202645
273.202230015
271.752715494
271.770436961
271.770474031
271.776432435
271.791504872
271.81369633
271.838998763
271.866102608
271.896948619
271.934473721
271.9800535
272.032739555
272.090290654
272.150594837
272.212380154
272.275133704
272.338690662
272.402871112
272.467318003
272.531580027
272.595393884
272.65898318
272.723124146
272.788849879
272.856917083
272.927354358
272.999396002
273.071876699
273.143862153
273.215114585
271.724498686
271.743893401
271.744937232
271.752065803
271.767975942
271.790276884
271.814998089
271.841401553
271.872037001
271.910028909
271.956511288
272.010196357
272.06870375
272.1300521
272.193258844
272.258080168
272.324439761
272.392004313
272.460102864
272.527975856
272.595175481
272.661849831
272.728706378
272.796651983
272.866314431
272.937724193
273.010335011
273.083360391
273.156221801
273.228839434
271.691377341
271.712842627
271.715760171
271.725197359
271.743171572
271.766790329
271.79212689
271.818975483
271.850327826
271.889293367
271.93668851
271.990990437
272.049876291
272.111655745
272.175689513
272.241966063
272.310450506
272.380693973
272.451877184
272.523168272
272.594103166
272.664724426
272.735415139
272.80658143
272.87841098
272.950837429
273.023676583
273.096800228
273.170228748
273.244107023
271.653336397
271.676497458
271.68157531
271.693934899
271.714840181
271.740861479
271.768164504
271.797011071
271.8305895
271.871698872
271.920681124
271.975819258
272.03499471
272.09692694
272.161341274
272.228414535
272.298143429
272.370073248
272.443461642
272.517644206
272.592269433
272.667233935
272.742429357
272.817566116
272.892247238
272.966230718
273.039651515
273.11300705
273.186901329
273.261728787
273.080767078
273.103457993
273.129019512
273.157624935
273.18815552
273.219051626
273.249216014
273.278482867
273.307449346
273.336825869
273.366732684
273.396437068
273.424807976
273.451280406
273.476618634
273.502701464
273.531199762
273.562008789
273.592744746
273.619946763
273.641292378
273.657256573
273.67094169
273.686015975
273.704027518
273.72323771
273.740468313
273.755690241
273.769922669
273.798717677
273.0912899
273.115110955
273.140693195
273.169273287
273.200573129
273.233188983
273.265474947
273.296436577
273.326159913
273.355556795
273.385598396
273.416548397
273.44776947
273.478313928
273.507860362
273.537125398
273.56718668
273.598129909
273.628238109
273.654691782
273.675507632
273.691281531
273.705255376
273.721347014
273.74128669
273.763123786
273.782904783
273.799503111
273.813473968
273.841151559
273.099613255
273.125423673
273.151705433
273.180429933
273.212099804
273.245673413
273.279313623
273.311536078
273.342083025
273.371990708
273.402799212
273.435417491
273.469444164
273.503481564
273.536230192
273.567439973
273.597810465
273.627843231
273.656720169
273.682433389
273.703331279
273.719884319
273.735059759
273.752616947
273.774241582
273.797810589
273.818855027
273.835576239
273.848551534
273.874690138
273.106972781
273.135735695
273.163485053
273.192691434
273.224607103
273.258734823
273.293346779
273.326738645
273.35842272
273.38947596
273.421782224
273.45664444
273.493728138
273.531147039
273.566695779
273.599291624
273.629417148
273.658162047
273.68576094
273.711092691
273.732779658
273.750984991
273.768174196
273.787769645
273.811328828
273.836554842
273.858528323
273.874992583
273.88677438
273.911166819
273.112857963
273.145283004
273.175177113
273.205129103
273.236995508
273.270992576
273.305884638
273.340121508
273.373138072
273.405901963
273.440279766
273.477599982
273.517412408
273.557418793
273.594770806
273.62785304
273.657152297
273.68446329
273.711114366
273.736844378
273.760420879
273.781445357
273.801552771
273.823554483
273.848795802
273.874959097
273.897006215
273.912633077
273.923030276
273.945771731
273.117766283
273.15432428
273.18698792
273.21804481
273.249730034
273.283074826
273.317685373
273.352524013
273.387074225
273.422001174
273.458760564
273.498356525
273.540131655
273.581597532
273.619668439
273.65256791
273.680964884
273.707325915
273.733914441
273.761123768
273.787626226
273.81218264
273.835350206
273.859257226
273.885227163
273.911291786
273.932666259
273.947228059
273.956357522
273.977903501
273.121839376
273.162745489
273.198737814
273.231407248
273.263085379
273.295615671
273.329684644
273.365039305
273.401294576
273.438628191
273.477752402
273.519102904
273.561851929
273.603656523
273.641654954
273.674244338
273.702316524
273.728772139
273.75644671
273.786055441
273.815940926
273.843898475
273.869425681
273.894169687
273.91976379
273.944899536
273.965234686
273.978848547
273.987032586
274.007980462
273.12509239
273.170222004
273.209923963
273.244795548
273.276961304
273.308940537
273.342558005
273.378477536
273.416492395
273.456186321
273.497347039
273.539755585
273.582555324
273.623904962
273.661564311
273.69430929
273.723128264
273.750951501
273.780712116
273.813120032
273.846110064
273.87665788
273.903481938
273.928050274
273.95251885
273.976337122
273.995660566
274.00872762
274.01647152
274.037493748
273.127557862
273.176402503
273.219922484
273.257590592
273.291036738
273.323169763
273.35678094
273.39340915
273.433053582
273.474736562
273.517351905
273.560106821
273.602300125
273.64286093
273.680404882
273.714123744
273.744852891
273.775094452
273.807439275
273.842403773
273.877662541
273.90974138
273.936947901
273.96075481
273.983828662
274.006339891
274.024997314
274.038145558
274.046088626
274.067825153
273.12934821
273.18104012
273.228182568
273.269195118
273.30497079
273.338377058
273.372758767
273.410308423
273.451255596
273.49426334
273.537590613
273.580095633
273.62139507
273.661291573
273.699279281
273.734849397
273.76839432
273.801600579
273.836427423
273.873201278
273.909659264
273.942322854
273.969374859
273.992284599
274.014068821
274.035570992
274.054131704
274.068090319
274.076847423
274.099710293
273.130674604
273.184096137
273.234396437
273.279202858
273.318496047
273.354571072
273.39072086
273.429426018
273.471180472
273.514647336
273.557903851
273.599779397
273.640299351
273.680045181
273.71920413
273.75734618
273.794176987
273.830343304
273.867084697
273.904699098
273.941365065
273.97397913
274.000735821
274.022959081
274.04382111
274.064813603
274.083944334
274.099352412
274.109315333
274.133312179
273.131916333
273.185897812
273.238709095
273.287578784
273.331490099
273.371630218
273.410558977
273.450611887
273.492592291
273.535615731
273.578134961
273.619292939
273.659511825
273.699873361
273.740915059
273.782035235
273.822134272
273.860809735
273.898681664
273.936249031
273.972440809
274.004760878
274.03142425
274.053425928
274.073921476
274.095011836
274.1153164
274.132544026
274.143752572
274.168451975
273.133656088
273.187220489
273.241823496
273.294737434
273.343985145
273.389242012
273.431741085
273.47326819
273.51497203
273.556852003
273.598261949
273.638936715
273.679574901
273.721358298
273.764768405
273.808841298
273.851734943
273.892202337
273.93046598
273.96741592
274.002881206
274.035042935
274.062075007
274.084481184
274.105253481
274.127014109
274.148866895
274.167912622
274.180045424
274.204711206
273.136576496
273.189160604
273.244875886
273.301439882
273.356102478
273.406891513
273.453369003
273.496480675
273.537704899
273.578195985
273.61855472
273.659249546
273.701060556
273.74485706
273.790716832
273.837260412
273.882151823
273.923653806
273.961835204
273.998041709
274.03296272
274.06539507
274.093392866
274.116853226
274.138473778
274.161268786
274.184693097
274.205185055
274.217662176
274.241498555
273.141250831
273.192835387
273.249124879
273.308564185
273.367971935
273.423946608
273.474391743
273.519286073
273.560319882
273.599791056
273.639599964
273.680925295
273.724436638
273.770403055
273.818324546
273.866519163
273.912524557
273.954500787
273.992530307
274.028318879
274.063215051
274.096490581
274.126020079
274.151035328
274.173833455
274.197691101
274.222337778
274.243641092
274.255804035
274.278220285
273.147972206
273.199072516
273.255605556
273.31686005
273.379686266
273.439822156
273.493896805
273.540960154
273.582660185
273.622085608
273.662157181
273.704603116
273.749892509
273.797651362
273.846866539
273.895795543
273.942216731
273.984482188
274.022719133
274.058761488
274.094319096
274.128971528
274.160396904
274.187172537
274.211138927
274.235744783
274.260999677
274.282407981
274.29372734
274.314531018
273.15672409
273.208229433
273.264886826
273.326781128
273.391308585
273.454161975
273.511363473
273.561198093
273.604889811
273.645662499
273.686900597
273.73065123
273.777267442
273.825982394
273.87555878
273.924476374
273.97099945
274.013790182
274.052915306
274.090035021
274.126901719
274.163254324
274.196618939
274.225014734
274.249839824
274.274673974
274.299870686
274.320827812
274.3310753
274.350524376
273.167263672
273.220168788
273.27699204
273.338447149
273.402941961
273.466996338
273.526807531
273.580128963
273.627325701
273.670945185
273.714137525
273.759038624
273.806139696
273.854763592
273.903870186
273.952388774
273.999124913
274.042982904
274.08378002
274.122713027
274.161305196
274.199359647
274.234368198
274.263977065
274.289220525
274.313790469
274.338450953
274.358723907
274.368044327
274.386732491
273.179217728
273.234337312
273.291469591
273.351732118
273.414842245
273.478843158
273.540801624
273.598198728
273.65019129
273.69791162
273.743615404
273.789334861
273.836022547
273.883644162
273.931775367
273.979906147
274.027263104
274.072801077
274.115894989
274.157073051
274.197453854
274.236882728
274.273001975
274.30333375
274.328653789
274.352720562
274.376719326
274.396445967
274.405289061
274.423899995
273.192136374
273.249903615
273.307568144
273.366417888
273.427500403
273.490693671
273.554367812
273.616001019
273.673440985
273.725980778
273.77452603
273.820841476
273.866567867
273.912730884
273.959810771
274.007852771
274.056296198
274.10393534
274.149581765
274.193018052
274.234899084
274.275159388
274.311809104
274.342504036
274.3678398
274.391527725
274.41509705
274.434674095
274.443598374
274.462623319
273.205535585
273.265951682
273.324468808
273.382328845
273.441601385
273.503819925
273.568741717
273.634123252
273.696763574
273.754169437
273.805747069
273.852821575
273.897695456
273.942564101
273.988896103
274.037223064
274.087023259
274.136805713
274.184816935
274.23014783
274.273030508
274.313569617
274.350333458
274.381311388
274.406928379
274.430658897
274.454223204
274.474073756
274.483498103
274.503038758
273.21898122
273.281722715
273.341522195
273.399388372
273.45782909
273.51941637
273.585048661
273.653044278
273.719765972
273.781473515
273.836240572
273.88474581
273.929603927
273.973913697
274.020004597
274.068836243
274.119894413
274.171437479
274.221272035
274.267944541
274.311352877
274.351828038
274.388595534
274.420071301
274.446444105
274.470722011
274.494639562
274.514969592
274.524989353
274.544743113
273.232210409
273.296840982
273.358422807
273.417589544
273.476594791
273.538203802
273.603996986
273.673097441
273.742238818
273.807300231
273.865431936
273.916444649
273.962655784
274.007484917
274.053832768
274.103089927
274.154908161
274.207507081
274.25847603
274.305994133
274.349692206
274.390101639
274.427074015
274.459430906
274.487020731
274.51218276
274.536531478
274.55720542
274.567573585
274.587018987
273.245222147
273.311416447
273.375252508
273.436916389
273.497834708
273.560184327
273.625719173
273.694497014
273.764366115
273.831745607
273.893392662
273.94808953
273.997172244
274.043646689
274.090604504
274.139923919
274.191733059
274.244559319
274.296044468
274.344147852
274.388227501
274.428882492
274.466437577
274.500023873
274.529068357
274.555131688
274.579661457
274.600272831
274.610567168
274.629264066
273.258269114
273.325951688
273.392366738
273.457268782
273.520997943
273.58468069
273.649836216
273.717404409
273.786771387
273.855589793
273.920751991
273.980016717
274.033221323
274.082280298
274.130067787
274.178987404
274.229987385
274.282293515
274.33386818
274.382546243
274.427332683
274.46868199
274.507171091
274.542132172
274.572565499
274.599264744
274.623549425
274.643654041
274.653544997
274.671391698
273.271749291
273.341086354
273.410173711
273.478435445
273.545245588
273.610650215
273.675709687
273.741988419
273.810369133
273.88002021
273.948403034
274.012501716
274.070506389
274.122801764
274.171649045
274.219889244
274.26950872
274.320756709
274.372156474
274.421492599
274.467319583
274.50972546
274.549320592
274.58556683
274.617120425
274.644116198
274.667821157
274.687199762
274.696666099
274.713964322
273.286070215
273.357316891
273.428923178
273.500136181
273.569770857
273.637121605
273.702749646
273.768432666
273.836078295
273.906216211
273.977164167
274.045621056
274.108427839
274.164342815
274.214662119
274.262368924
274.310443858
274.360325581
274.411310025
274.461255351
274.508242778
274.551840915
274.592525315
274.629859137
274.662287251
274.689424541
274.712529713
274.731319303
274.740677605
274.757952582
273.30157834
273.37485522
273.448628884
273.522126802
273.594093266
273.663546734
273.730626581
273.796875013
273.864518232
273.934979952
274.007554378
274.079276146
274.146300019
274.206005765
274.25845813
274.306284168
274.3531013
274.401492425
274.451715761
274.501941787
274.549908547
274.59462985
274.636331843
274.674653776
274.707944127
274.735398445
274.758233172
274.77683526
274.786551505
274.804209915
273.31859449
273.393712002
273.469182516
273.544335825
273.618204925
273.689918631
273.759302143
273.827311349
273.895815517
273.966554862
274.039750523
274.113340354
274.18361203
274.24707852
274.302460304
274.351442445
274.397669386
274.444605888
274.493620378
274.543555691
274.592110338
274.637827843
274.68059253
274.720041222
274.75446544
274.782670681
274.805721591
274.824525101
274.834903576
274.852909898
273.337510022
273.413950423
273.490606877
273.566987124
273.642533979
273.71664264
273.788901927
273.859524253
273.929591997
274.000662442
274.073677686
274.147806638
274.220194887
274.287137218
274.346127047
274.397428113
274.444003742
274.489748779
274.537181846
274.586219286
274.634946428
274.681612198
274.725661732
274.766568313
274.802515259
274.83189487
274.855484548
274.874556305
274.885479629
274.903237667
271.611378994
271.635205717
271.642095739
271.657295619
271.681352237
271.710370818
271.740738967
271.773143124
271.810705226
271.855588602
271.907459287
271.964371982
272.024455338
272.086850608
272.151597152
272.219008559
272.289156507
272.361756039
272.436380448
272.512710585
272.590553628
272.669616602
272.749272219
272.828584131
272.906645065
272.983015799
273.057955302
273.132271815
273.206885797
273.282384808
271.567210259
271.590324208
271.598197162
271.615527461
271.642254955
271.67419529
271.708163888
271.745268754
271.788341193
271.838637664
271.894981229
271.955132715
272.017410237
272.081264967
272.146912717
272.214731046
272.28492833
272.35756069
272.43268586
272.510394762
272.590623414
272.672883557
272.756164587
272.839153937
272.920688721
273.000180054
273.077767433
273.154135255
273.230123522
273.30636346
271.522693617
271.543782396
271.551636437
271.570037732
271.598448544
271.63263906
271.670091886
271.712353623
271.76180487
271.81864382
271.880797553
271.94570834
272.011785252
272.078604875
272.146371057
272.215428304
272.286139098
272.358961635
272.434443595
272.513009929
272.594655724
272.678768804
272.764229223
272.849744036
272.934230751
273.017061118
273.098092875
273.177545012
273.255826079
273.333398218
271.479218039
271.497438192
271.504466151
271.522924596
271.551897458
271.587374554
271.627716878
271.674901302
271.730751092
271.794394222
271.862961604
271.933650467
272.004903058
272.076261528
272.147758705
272.219607586
272.292251962
272.366425579
272.442959775
272.522405283
272.604740085
272.689369362
272.775390174
272.861913067
272.94824128
273.033863764
273.11836995
273.201424011
273.282844707
273.362720203
271.437187087
271.452412611
271.458304589
271.476230005
271.504936749
271.540875056
271.58340954
271.634864762
271.696419879
271.766232562
271.840870199
271.917466078
271.994535046
272.071539177
272.148291458
272.224812779
272.301471069
272.378974011
272.458064053
272.53913463
272.622078927
272.706466169
272.791861234
272.878014983
272.964800086
273.051991955
273.139107372
273.225448702
273.310336866
273.393383694
271.395877232
271.408670071
271.413727316
271.431168361
271.459397831
271.49551064
271.539876492
271.594978184
271.661248207
271.736029862
271.815626276
271.897352788
271.979934617
272.062851265
272.145785253
272.228568925
272.311310695
272.394329646
272.477883882
272.561954142
272.646295786
272.730710847
272.815293751
272.900437325
272.986588417
273.073926977
273.162175958
273.250642288
273.338444956
273.424800262
271.353839582
271.365110608
271.370096286
271.387683618
271.415920587
271.452663276
271.499154744
271.557735377
271.627953819
271.706495061
271.789683909
271.875256714
271.962330812
272.050590929
272.139763929
272.229548381
272.319659157
272.409767354
272.499411194
272.588047052
272.675272015
272.761072191
272.845910642
272.930582538
273.015917894
273.102484562
273.190409442
273.279352615
273.368606353
273.457271342
271.309796585
271.320276599
271.326037478
271.344648484
271.37384767
271.412313042
271.461914988
271.524467526
271.598474288
271.680088463
271.765871896
271.854147227
271.944565651
272.03718225
272.131914537
272.228381691
272.325872085
272.423379022
272.519771811
272.614088117
272.705810144
272.794981164
272.882125819
272.968048687
273.053616136
273.139581392
273.22645505
273.314405573
273.403198206
273.492208526
271.263675347
271.273452659
271.280478179
271.300765517
271.331908699
271.37343751
271.427526235
271.495050939
271.573329076
271.658091209
271.746270497
271.836834112
271.929992454
272.02619494
272.125553071
272.227603275
272.331279741
272.435117187
272.537646248
272.637785862
272.735024638
272.829348055
272.921041383
273.010531476
273.098331942
273.185040458
273.271299302
273.357677552
273.44450854
273.531760325
271.217190193
271.225596681
271.233762321
271.255809524
271.289486544
271.335186651
271.395022371
271.468562694
271.551886321
271.640443332
271.731626568
271.825006164
271.921224048
272.02094598
272.124295026
272.230647736
272.338728605
272.446984838
272.554067639
272.65913892
272.761850616
272.862095341
272.959767147
273.054703455
273.146803385
273.236192146
273.323298416
273.408792335
273.493416173
273.577780522
271.173433075
271.179420561
271.188116698
271.211480607
271.247786081
271.298257622
271.364553326
271.444673914
271.533565059
271.626630622
271.721814681
271.819179137
271.919534973
272.023423884
272.130684421
272.240436163
272.351369313
272.462205808
272.572084072
272.680643383
272.787793252
272.89336955
272.996924804
273.09776877
273.195199502
273.288772758
273.378477625
273.464763757
273.548434349
273.630451921
271.135348205
271.138232158
271.146893225
271.171116253
271.210021217
271.265518604
271.338387712
271.424953127
271.519329154
271.617219423
271.717226352
271.819744706
271.925424322
272.03431691
272.145733879
272.258523886
272.371520096
272.48393009
272.595478733
272.706251101
272.816354982
272.925608752
273.033414698
273.138854342
273.240930573
273.33883712
273.432157728
273.520949659
273.605712917
273.687272425
271.103663066
271.103848428
271.112644649
271.138028078
271.18009549
271.241103939
271.320499515
271.412998006
271.51235635
271.614973021
271.720171289
271.828467267
271.940045246
272.054251769
272.169854057
272.285578432
272.400556205
272.514479661
272.62746405
272.739755327
272.851451999
272.962345109
273.071898542
273.179340593
273.28381774
273.384558215
273.48100132
273.572869242
273.660184468
273.743253182
271.075495923
271.074703074
271.084982473
271.113170214
271.16019253
271.228080924
271.314509599
271.412832292
271.517000816
271.624406435
271.734997736
271.849134623
271.966348387
272.085336777
272.204587756
272.322987592
272.440057379
272.555798223
272.67036264
272.783798945
272.895972529
273.006612115
273.115379753
273.221909525
273.325818879
273.426714901
273.524205352
273.617915133
273.707515911
273.792784617
271.044938784
271.045646428
271.059773212
271.093701843
271.148768398
271.226022805
271.3210512
271.426259951
271.536281877
271.649533645
271.766253281
271.886328158
272.008626082
272.131506189
272.25359369
272.374191284
272.493177916
272.610614532
272.726401358
272.840197784
272.951574968
273.060222298
273.166050743
273.269155448
273.369697097
273.467780407
273.563374221
273.656283056
273.746169475
273.832629285
271.005969222
271.010279767
271.030868472
271.073992722
271.140787723
271.230520284
271.336631778
271.451123618
271.569583187
271.691135559
271.815781352
271.942680538
272.070205672
272.19677224
272.321448073
272.443984695
272.564432143
272.682704406
272.798388971
272.91086691
273.019600866
273.124380231
273.225390901
273.323110897
273.418123146
273.510944434
273.60192265
273.691204055
273.778748933
273.864376044
270.956254451
270.964910785
270.99394742
271.049202911
271.130896387
271.235846491
271.355643947
271.482464172
271.612821142
271.745965026
271.881146063
272.016735061
272.150881671
272.282306697
272.410500843
272.535406618
272.656973226
272.774895827
272.888635512
272.99763872
273.101597956
273.200613414
273.295192046
273.386110221
273.4742236
273.560310288
273.644991673
273.728723293
273.811816739
273.894453386
270.899029777
270.911413346
270.950000319
271.019303766
271.117839805
271.239606311
271.374953702
271.516697591
271.661957969
271.809492282
271.957547004
272.103886832
272.2466819
272.384929644
272.518229011
272.646348095
272.768967467
272.885680967
272.996141268
273.100219799
273.198111698
273.290362324
273.377809923
273.461458557
273.542323893
273.621309476
273.699153302
273.77644265
273.853657557
273.931193052
270.841019747
270.856335322
270.905442096
270.990243226
271.106690923
271.245953076
271.397876661
271.556095456
271.717819065
271.880898704
272.042679589
272.200643533
272.353089076
272.499082381
272.638030953
272.769402055
272.892741524
273.007834464
273.114810294
273.214130056
273.306511913
273.392859589
273.474202147
273.551618303
273.626137036
273.698645467
273.769847646
273.840290861
273.910433622
273.980704959
270.787665302
270.806510686
270.868286214
270.970848321
271.1066995
271.264483598
271.434111587
271.609790061
271.788232543
271.966261871
272.140650605
272.308888185
272.469417201
272.621285293
272.763789656
272.896425547
273.019038765
273.13193942
273.235846076
273.33170601
273.420520482
273.503259946
273.580857764
273.654216077
273.724177217
273.791470686
273.856681284
273.92027223
273.982656216
274.044273964
270.739925608
270.765061216
270.843751637
270.968225532
271.126753673
271.305881703
271.495678206
271.690234719
271.885234021
272.076582415
272.260856414
272.435789121
272.600107666
272.753134128
272.894582892
273.024579228
273.143710556
273.252962721
273.353527805
273.446572896
273.533080816
273.613818444
273.689404333
273.760397362
273.827342127
273.89076163
273.951133646
274.008892122
274.064465827
274.118334071
270.695583558
270.731609923
270.833669898
270.986460964
271.173376974
271.379022706
271.593039024
271.808455515
272.019636221
272.221938088
272.412218976
272.588847456
272.751289979
272.899740589
273.034930393
273.158006202
273.270383749
273.373567611
273.468968041
273.557751248
273.640762873
273.718550924
273.791472919
273.859828896
273.923955245
273.984249932
274.041146837
274.095080325
274.146471355
274.195741024
270.652805335
270.705799515
270.84000331
271.030062189
271.253562776
271.492503853
271.734919346
271.972101155
272.197478607
272.406748835
272.597891108
272.770623913
272.925792899
273.064941572
273.189998491
273.303001177
273.405878195
273.500326685
273.587764978
273.669310881
273.745770439
273.817665123
273.885320608
273.948994444
274.008984369
274.06566873
274.119474243
274.170807076
274.219994508
274.267267526
270.611708032
270.690172187
270.869093771
271.109012396
271.379411565
271.657930399
271.930045623
272.185922264
272.419703313
272.62908553
272.814388578
272.977463223
273.120908766
273.247583061
273.360258694
273.461386358
273.55299727
273.636737177
273.713954527
273.785755862
273.853005464
273.916317687
273.976101326
274.032663682
274.086323047
274.137464971
274.186515279
274.233856136
274.279741373
274.324259989
270.575302987
270.693249319
270.936712699
271.243786909
271.571265425
271.890940261
272.187092184
272.451865655
272.683188541
272.882792629
273.054323269
273.20199685
273.329899062
273.441663641
273.540333421
273.628338026
273.707571336
273.779533317
273.845468255
273.906434401
273.963294734
274.01668434
274.067026592
274.114622693
274.159771425
274.202846343
274.244285875
274.284510083
274.323821382
274.362349602
270.556649128
270.740265496
271.079391881
271.472641802
271.859833545
272.210410206
272.513846763
272.769920047
272.983613729
273.161794364
273.311254868
273.437849777
273.546312315
273.64035255
273.722831035
273.795934703
273.861339768
273.92036304
273.974087724
274.023432419
274.069151937
274.11180795
274.151773966
274.189309076
274.224672405
274.258210372
274.290363613
274.321594299
274.352284459
274.382668633
270.594469485
270.894011743
271.368810765
271.854616768
272.282326152
272.634181197
272.915966046
273.140150016
273.3195073
273.46479947
273.584306871
273.684125535
273.768694595
273.841281123
273.904338174
273.959737052
274.008912726
274.052974189
274.092806442
274.129147677
274.16261498
274.193688454
274.22270291
274.249890193
274.27546636
274.299712438
274.322995648
274.345718789
274.368234016
274.390777922
270.780274644
271.275770322
271.905552
272.446074477
272.858744903
273.162998146
273.388151741
273.557885493
273.688866349
273.792313018
273.875717501
273.944140215
274.001105534
274.049176058
274.090291272
274.125946957
274.157284765
274.185158172
274.210213831
274.232976801
274.253899958
274.273361683
274.291642784
274.308930538
274.325367456
274.341116567
274.356396514
274.371462044
274.386546391
274.401808391
271.289021066
272.030539782
272.735128134
273.219905896
273.534313169
273.74165044
273.884591238
273.987633524
274.064670294
274.123903613
274.170443015
274.207632504
274.237782119
274.262582291
274.283326641
274.301015384
274.316392798
274.329974074
274.342103688
274.353040982
274.363027261
274.372296907
274.381043451
274.389388305
274.397390071
274.405090531
274.412560656
274.419912364
274.427271655
274.434738512
272.242193952
273.066410975
273.637889219
273.950675961
274.1245423
274.228721729
274.29641707
274.343074157
274.376435119
274.400851404
274.419011037
274.432664679
274.443009873
274.45091782
274.457057395
274.461946835
274.465958329
274.46931381
274.472115151
274.474417504
274.476304634
274.477913362
274.479394755
274.480851082
274.482302052
274.483703959
274.485002586
274.486180448
274.487271093
274.488341238
273.358837682
273.43593706
273.51330047
273.590658561
273.667783361
273.74427792
273.81953686
273.893084309
273.965111345
274.03667789
274.109120635
274.182823813
274.256226667
274.326053811
274.388958667
274.443600816
274.491643985
274.536821865
274.582638771
274.630380755
274.678969795
274.726600755
274.772194492
274.814844781
274.852518147
274.883170242
274.907194779
274.926126028
274.937007192
274.953545966
273.383122209
273.46039203
273.53809918
273.616230518
273.694742729
273.773313446
273.851193054
273.927433159
274.001496124
274.073827615
274.145777544
274.218609227
274.292121708
274.363989147
274.430634217
274.489320532
274.540041029
274.585713851
274.630389827
274.676767757
274.724973922
274.773452075
274.82059718
274.864933406
274.904102203
274.935643327
274.959548128
274.977580491
274.987590993
275.002013769
273.410703305
273.488138222
273.56604793
273.644691447
273.724135653
273.804083755
273.883756726
273.96203015
274.037938568
274.11134861
274.183273694
274.255330469
274.328409165
274.401416399
274.471224446
274.534251321
274.588783186
274.636322865
274.680778109
274.725972645
274.773442867
274.822255322
274.870451828
274.915920072
274.955914811
274.987626367
275.010689366
275.027106235
275.035607278
275.047623018
273.441445948
273.519631888
273.597920804
273.676804971
273.756492432
273.836813318
273.917160379
273.996543566
274.07389546
274.148638794
274.22121694
274.293057284
274.365646365
274.439096309
274.511270299
274.578463962
274.637567319
274.688281947
274.733583218
274.777834977
274.823979666
274.872128388
274.92036508
274.966064187
275.006092294
275.037355279
275.059179534
275.073796574
275.080777094
275.09104603
273.474638401
273.554536069
273.633700683
273.712723442
273.792008395
273.871689263
273.951565932
274.031058
274.109288769
274.185441038
274.259327519
274.331775377
274.404286287
274.477836887
274.551505547
274.622147784
274.685857996
274.740523183
274.787536629
274.831053813
274.875180344
274.921446916
274.968549217
275.013666777
275.053324003
275.08414005
275.10510707
275.118596212
275.124867272
275.134909603
273.509235905
273.591667476
273.672346617
273.751740354
273.830402704
273.908856043
273.9874528
274.066202734
274.14465124
274.221993514
274.297539965
274.371335229
274.444382997
274.517968648
274.592235293
274.665062427
274.732516746
274.79110602
274.840358649
274.883488671
274.925268307
274.968813274
275.014021551
275.058333193
275.098014062
275.129293097
275.150679218
275.164481397
275.171442662
275.183026183
273.544465457
273.629522236
273.712136155
273.792422934
273.870885548
273.948291723
274.02546649
274.103010364
274.181014429
274.25894609
274.335904716
274.411247837
274.485196334
274.558774812
274.632759285
274.706203399
274.775892454
274.837752728
274.889634298
274.933255124
274.97332578
275.014335701
275.05778687
275.101877173
275.14275729
275.17610187
275.199680822
275.215442968
275.224442914
275.238661615
273.580542314
273.667252387
273.751593615
273.833233982
273.912355154
273.989612996
274.065958812
274.142340805
274.219342084
274.296891554
274.374258826
274.450479716
274.52505993
274.598415138
274.671439268
274.744188476
274.814663195
274.879107546
274.934267734
274.980096791
275.020383754
275.060334449
275.103090035
275.148047128
275.191501709
275.228471093
275.255711305
275.274477201
275.286064282
275.302599215
273.619009177
273.705541531
273.790557316
273.873410446
273.953811747
274.031933424
274.108379459
274.184010729
274.259642766
274.335692573
274.411941955
274.487632671
274.561975686
274.634799991
274.706727424
274.778398001
274.849091361
274.91603182
274.975594131
275.026024647
275.069397744
275.110641261
275.154141997
275.200799378
275.247488175
275.288683709
275.319961865
275.341586954
275.355116116
275.372199072
273.662197533
273.746601654
273.8305816
273.913517072
273.994782859
274.073961406
274.151000534
274.226261437
274.300416175
274.374187084
274.448002934
274.521766646
274.594971836
274.667210193
274.738693166
274.810134712
274.881708619
274.951806174
275.017059337
275.074372047
275.123629562
275.168431692
275.213672701
275.261856126
275.311030128
275.355570258
275.389925567
275.413155416
275.427089039
275.442336023
273.711711461
273.792835261
273.874039894
273.955111774
274.035501294
274.114515363
274.191564217
274.266399968
274.339264238
274.410852357
274.482047234
274.55351429
274.625420235
274.69755487
274.769830332
274.842644054
274.916446752
274.990523698
275.062128045
275.127409949
275.184100288
275.233704285
275.280728559
275.329112369
275.37869893
275.424512759
275.460195329
275.483469596
275.496291667
275.507999279
273.76660793
273.844665325
273.922180528
273.999545786
274.076748226
274.153408616
274.228937728
274.302797397
274.374797906
274.445300615
274.515178613
274.585483828
274.656977978
274.729867669
274.804004732
274.879375225
274.956222327
275.03426854
275.111494722
275.183973135
275.247830021
275.30222067
275.350414847
275.397285743
275.444874778
275.489739398
275.525273295
275.547802647
275.559016042
275.567137625
273.82263274
273.899083268
273.973486536
274.046717357
274.119479597
274.192157554
274.264758135
274.337005108
274.408584502
274.479448049
274.550007429
274.621063737
274.693460119
274.767673426
274.843687349
274.921291055
275.000443256
275.081012499
275.161688256
275.239065804
275.30852099
275.367119559
275.416236212
275.460826988
275.50505516
275.547765665
275.582838328
275.605246605
275.615809265
275.621987424
273.873695948
273.950524541
274.023904599
274.094793185
274.164317273
274.233540262
274.303232012
274.373740226
274.44502872
274.516877015
274.589149508
274.661981586
274.735750203
274.810835464
274.887378279
274.965298384
275.0445615
275.125213216
275.206636752
275.286347768
275.359815742
275.422607462
275.473812763
275.517366263
275.55885765
275.599788395
275.635353632
275.659427793
275.671335375
275.677980052
273.915315801
273.99408916
274.069144603
274.141068094
274.210786219
274.279412668
274.348029725
274.41746765
274.488153001
274.560086463
274.632973508
274.70646173
274.78036259
274.854724072
274.929735461
275.005619644
275.082675873
275.161322059
275.241637721
275.322206155
275.399190777
275.467358321
275.523445399
275.56924365
275.61052653
275.651267692
275.688797365
275.716483291
275.731767096
275.74076833
273.947826124
274.028839219
274.107238594
274.183010051
274.256362162
274.327749223
274.397835811
274.467387742
274.53709959
274.607412598
274.678413642
274.749893224
274.82155676
274.893272782
274.965208988
275.037816892
275.111772357
275.18792069
275.266958131
275.348464163
275.429606249
275.505039223
275.56946234
275.621710692
275.66622139
275.708644008
275.749075799
275.781356276
275.801116835
275.81295097
273.976672527
274.058343717
274.139152603
274.218633687
274.29626926
274.371642961
274.444599668
274.515340125
274.584390276
274.652439021
274.720114142
274.787817917
274.855723879
274.923937522
274.992710776
275.062576056
275.134362984
275.209140869
275.287992373
275.371275944
275.457269078
275.541176576
275.616399951
275.678611735
275.729490244
275.774995436
275.81815902
275.854524558
275.878559871
275.892267504
274.009330302
274.088162729
274.167515467
274.246910387
274.32561811
274.402805985
274.477748569
274.550032528
274.619678883
274.687131396
274.753114691
274.818427748
274.883775342
274.949722192
275.016779309
275.085547938
275.156829815
275.231666487
275.311252284
275.396465781
275.486691241
275.578297642
275.664483359
275.738312332
275.797759871
275.847324419
275.892359563
275.931250157
275.958479993
275.972517021
274.051513194
274.123194838
274.195928922
274.269660659
274.34407447
274.418635914
274.492696677
274.565637068
274.637010733
274.706654876
274.774734316
274.841703401
274.908201335
274.974933974
275.042607332
275.111942319
275.183745631
275.258994301
275.338881276
275.424630995
275.516674835
275.613021694
275.707897826
275.793012183
275.862489316
275.917527222
275.964208957
276.00428006
276.033730569
276.04721777
274.105637122
274.167316347
274.229884997
274.293844527
274.359554526
274.427178158
274.496646595
274.567650735
274.639677483
274.712105366
274.784350422
274.856019221
274.927010732
274.997533667
275.068056676
275.139242643
275.211912201
275.287060539
275.36592975
275.450030315
275.540731917
275.637907938
275.737882583
275.832712334
275.913527066
275.976871155
276.02710876
276.068684979
276.100461532
276.114036185
274.171068785
274.22334528
274.275923796
274.329612629
274.385217131
274.443468075
274.504923481
274.569856275
274.638165753
274.709362143
274.782654693
274.857129723
274.931962622
275.006595024
275.080832126
275.154856305
275.229188821
275.304656183
275.38242842
275.464134068
275.551805441
275.64703492
275.748866619
275.851476179
275.94488571
276.020823327
276.079265723
276.125173688
276.160856613
276.176486942
274.24333943
274.289776293
274.335647014
274.38165108
274.428594048
274.477357035
274.528820346
274.583745623
274.642645373
274.705683598
274.772645158
274.842987893
274.915964541
274.990782608
275.066762258
275.143455617
275.220711476
275.298709975
275.378038806
275.459885396
275.546263376
275.639774444
275.742036183
275.850638838
275.957083865
276.049901572
276.12297641
276.178355748
276.220793756
276.240766965
274.312788723
274.356711764
274.399252809
274.440755328
274.481731936
274.522870172
274.564996984
274.609009072
274.655786868
274.706111044
274.76059226
274.819617458
274.883317699
274.951568184
275.024026714
275.100201042
275.179527691
275.261463639
275.345634749
275.432122872
275.521926833
275.617328773
275.721297243
275.834882457
275.95336699
276.065358986
276.159240786
276.230727783
276.283935717
276.310199351
274.367365248
274.408954218
274.448964805
274.487457238
274.524658841
274.560967982
274.596929407
274.633202949
274.670544733
274.709803613
274.751915569
274.797871407
274.848646339
274.905102526
274.967887305
275.037344694
275.113451231
275.195795119
275.283641731
275.376165934
275.472956564
275.574768202
275.683971825
275.803394313
275.93260601
276.063729502
276.182901075
276.278061739
276.348020421
276.383015869
274.400069871
274.436880144
274.472697917
274.507533066
274.541511935
274.574855138
274.607835301
274.64075044
274.67393848
274.707833012
274.743034681
274.780363364
274.82086714
274.865781721
274.916442876
274.974155098
275.040025457
275.114786975
275.198655161
275.291292307
275.392012798
275.500387421
275.617162914
275.744642887
275.884863523
276.034801605
276.182616258
276.310251689
276.406703791
276.455717217
274.412837066
274.442801449
274.472581973
274.502268248
274.532026317
274.562056064
274.592530447
274.623556468
274.655184053
274.687462399
274.720522026
274.754657788
274.790399396
274.828564224
274.870282458
274.916976725
274.97028251
275.031909304
275.103453124
275.186186604
275.280903874
275.387991252
275.507940637
275.642215281
275.7933923
275.962318279
276.142094305
276.312956673
276.451801895
276.526510408
274.413466874
274.436351523
274.459494585
274.483026076
274.507147615
274.53208923
274.55804873
274.585149814
274.613438961
274.642916174
274.673580607
274.705477919
274.738751292
274.77370316
274.810864741
274.851060187
274.895454351
274.945579
275.003326987
275.070893624
275.150651351
275.244991696
275.35629652
275.487333277
275.642032869
275.824918467
276.036218114
276.260775576
276.465740525
276.58998185
274.417321404
274.433110935
274.449215927
274.465735771
274.482837482
274.500724858
274.519594581
274.539607835
274.56088958
274.583546416
274.60768603
274.633430985
274.660933116
274.690396195
274.72210598
274.756465031
274.794040702
274.835642513
274.882436768
274.936090155
274.998917847
275.07399367
275.165222569
275.277585662
275.417990088
275.596266659
275.823480952
276.099862417
276.396755199
276.614335799
274.442366039
274.450173757
274.458183681
274.466452732
274.475080715
274.48419344
274.493918508
274.504373297
274.515671019
274.527935903
274.541316508
274.555995705
274.57220212
274.59022152
274.610398393
274.633124835
274.658833131
274.688018289
274.721309994
274.759607331
274.804288354
274.857490104
274.922458566
275.00411144
275.110313175
275.254380077
275.458328594
275.748900701
276.134604228
276.500974
274.48946179
274.49068905
274.492062904
274.493614335
274.495371411
274.497360282
274.499605741
274.502136056
274.504990677
274.508226507
274.51192358
274.516196716
274.521214712
274.52721509
274.534498337
274.543401793
274.554274411
274.567475524
274.58340734
274.602587366
274.625773017
274.65414392
274.689562006
274.735056895
274.796004523
274.882863639
275.01736889
275.241241774
275.618569222
276.105379474
)
;

boundaryField
{
    movingWall
    {
        type            fixedValue;
        value           uniform 273;
    }
    fixedWalls
    {
        type            fixedValue;
        value           uniform 273;
    }
    frontAndBackPlanes
    {
        type            empty;
    }
}


// ************************************************************************* //
